Municipio;Ano;1A;2A;3A;4A;5A;6A;7A;8A;NCA;TotalA;1D;2D;3D;4D;5D;6D;7D;8D;NCD;TotalD;1S;2S;3S;4S;5S;6S;7S;8S;NCS;TotalS
330010;Total;219;33558;1478;27227;48268;56715;1561;964;0;169990;-284;-31531;-946;-27616;-45364;-53026;-2741;-949;0;-162457;-65;2027;532;-389;2904;3689;-1180;15;0;7533
330010;2015;21;1133;90;2049;4551;4516;0;36;0;12396;-25;-3026;-184;-4864;-4510;-4265;0;-53;0;-16927;-4;-1893;-94;-2815;41;251;0;-17;0;-4531
330010;2014;37;4123;135;3908;5017;4566;0;45;0;17831;-28;-2956;-219;-4013;-4944;-4975;0;-59;0;-17194;9;1167;-84;-105;73;-409;0;-14;0;637
330010;2013;11;1565;113;3046;4831;4321;0;122;0;14009;-10;-2219;-42;-2712;-4825;-4551;0;-146;0;-14505;1;-654;71;334;6;-230;0;-24;0;-496
330010;2012;11;3440;130;2357;4762;5594;0;134;0;16428;-16;-2547;-67;-4133;-4631;-5243;0;-96;0;-16733;-5;893;63;-1776;131;351;0;38;0;-305
330010;2011;21;2611;120;5156;4669;4965;0;173;0;17715;-7;-3261;-34;-3586;-4436;-4947;0;-134;0;-16405;14;-650;86;1570;233;18;0;39;0;1310
330010;2010;13;4247;309;3488;4622;5152;0;40;0;17871;-8;-3323;-37;-2027;-4134;-4918;0;-47;0;-14494;5;924;272;1461;488;234;0;-7;0;3377
330010;2009;13;2794;155;1866;4084;4945;80;67;0;14004;-6;-2484;-100;-1139;-3913;-4670;-5;-67;0;-12384;7;310;55;727;171;275;75;0;0;1620
330010;2008;1;3970;125;1175;3730;4916;338;49;0;14304;-19;-3363;-108;-1491;-3452;-4601;-611;-68;0;-13713;-18;607;17;-316;278;315;-273;-19;0;591
330010;2007;14;1598;177;1437;3560;4314;288;68;0;11456;-11;-2157;-84;-1207;-3104;-3791;-264;-62;0;-10680;3;-559;93;230;456;523;24;6;0;776
330010;2006;9;2018;62;1107;2885;5432;109;46;0;11668;-11;-1077;-32;-847;-2757;-4673;-12;-47;0;-9456;-2;941;30;260;128;759;97;-1;0;2212
330010;2005;6;2509;22;942;3202;4106;489;83;0;11359;-58;-1924;-16;-805;-2552;-3125;-352;-76;0;-8908;-52;585;6;137;650;981;137;7;0;2451
330010;2004;62;3550;40;696;2355;3888;257;101;0;10949;-85;-3194;-23;-792;-2106;-3267;-1497;-94;0;-11058;-23;356;17;-96;249;621;-1240;7;0;-109
330015;Total;13;1230;0;70;1124;761;0;56;0;3254;-21;-1111;0;-67;-858;-867;0;-62;0;-2986;-8;119;0;3;266;-106;0;-6;0;268
330015;2015;1;58;0;6;101;82;0;5;0;253;-2;-137;0;-25;-89;-49;0;-2;0;-304;-1;-79;0;-19;12;33;0;3;0;-51
330015;2014;3;150;0;35;109;52;0;1;0;350;-2;-120;0;-21;-108;-47;0;-10;0;-308;1;30;0;14;1;5;0;-9;0;42
330015;2013;1;185;0;4;149;55;0;9;0;403;-5;-189;0;-8;-148;-39;0;-8;0;-397;-4;-4;0;-4;1;16;0;1;0;6
330015;2012;4;103;0;11;179;43;0;4;0;344;-5;-77;0;-7;-102;-28;0;-6;0;-225;-1;26;0;4;77;15;0;-2;0;119
330015;2011;2;184;0;10;171;47;0;4;0;418;-5;-109;0;-5;-110;-31;0;-5;0;-265;-3;75;0;5;61;16;0;-1;0;153
330015;2010;0;121;0;0;129;36;0;8;0;294;0;-117;0;0;-78;-30;0;-10;0;-235;0;4;0;0;51;6;0;-2;0;59
330015;2009;0;98;0;1;81;47;0;7;0;234;0;-96;0;-1;-58;-12;0;-4;0;-171;0;2;0;0;23;35;0;3;0;63
330015;2008;0;105;0;3;48;15;0;5;0;176;0;-52;0;0;-45;-9;0;-6;0;-112;0;53;0;3;3;6;0;-1;0;64
330015;2007;0;58;0;0;46;10;0;3;0;117;0;-41;0;0;-28;-11;0;-5;0;-85;0;17;0;0;18;-1;0;-2;0;32
330015;2006;0;57;0;0;39;119;0;0;0;215;-1;-41;0;0;-40;-64;0;-1;0;-147;-1;16;0;0;-1;55;0;-1;0;68
330015;2005;2;53;0;0;37;78;0;7;0;177;0;-46;0;0;-23;-93;0;-3;0;-165;2;7;0;0;14;-15;0;4;0;12
330015;2004;0;58;0;0;35;177;0;3;0;273;-1;-86;0;0;-29;-454;0;-2;0;-572;-1;-28;0;0;6;-277;0;1;0;-299
330020;Total;260;7260;510;13601;27096;19814;10;888;0;69439;-310;-7173;-412;-13497;-24720;-17470;-1;-900;0;-64483;-50;87;98;104;2376;2344;9;-12;0;4956
330020;2015;11;432;38;515;2529;1710;0;63;0;5298;-42;-640;-57;-806;-2635;-1986;0;-53;0;-6219;-31;-208;-19;-291;-106;-276;0;10;0;-921
330020;2014;14;659;74;581;3035;2468;0;54;0;6885;-25;-812;-47;-1063;-2994;-2132;0;-57;0;-7130;-11;-153;27;-482;41;336;0;-3;0;-245
330020;2013;18;658;68;1184;3172;2524;0;63;0;7687;-33;-707;-71;-801;-3197;-2399;-1;-67;0;-7276;-15;-49;-3;383;-25;125;-1;-4;0;411
330020;2012;10;602;110;855;2687;2590;0;55;0;6909;-23;-652;-46;-1708;-2440;-1699;0;-52;0;-6620;-13;-50;64;-853;247;891;0;3;0;289
330020;2011;47;662;34;1838;2707;1615;0;56;0;6959;-10;-703;-54;-1622;-2315;-1454;0;-69;0;-6227;37;-41;-20;216;392;161;0;-13;0;732
330020;2010;30;1114;35;1992;2296;1464;0;77;0;7008;-16;-821;-22;-1535;-2037;-1354;0;-100;0;-5885;14;293;13;457;259;110;0;-23;0;1123
330020;2009;21;723;37;817;2048;1488;0;79;0;5213;-24;-591;-20;-763;-1900;-1231;0;-90;0;-4619;-3;132;17;54;148;257;0;-11;0;594
330020;2008;27;746;31;1025;2117;1447;10;77;0;5480;-31;-605;-37;-1212;-1842;-1566;0;-74;0;-5367;-4;141;-6;-187;275;-119;10;3;0;113
330020;2007;16;470;19;1544;1847;1181;0;72;0;5149;-20;-552;-15;-1608;-1585;-1079;0;-91;0;-4950;-4;-82;4;-64;262;102;0;-19;0;199
330020;2006;23;600;46;1535;1685;1160;0;84;0;5133;-22;-495;-19;-1000;-1404;-857;0;-67;0;-3864;1;105;27;535;281;303;0;17;0;1269
330020;2005;14;331;8;892;1542;1251;0;102;0;4140;-17;-297;-7;-746;-1267;-980;0;-86;0;-3400;-3;34;1;146;275;271;0;16;0;740
330020;2004;29;263;10;823;1431;916;0;106;0;3578;-47;-298;-17;-633;-1104;-733;0;-94;0;-2926;-18;-35;-7;190;327;183;0;12;0;652
330022;Total;0;2241;1953;815;1802;18382;244;406;0;25843;0;-2228;-1726;-783;-1636;-16534;-154;-385;0;-23446;0;13;227;32;166;1848;90;21;0;2397
330022;2015;0;267;2;135;142;821;0;53;0;1420;0;-254;-2;-119;-145;-1042;0;-40;0;-1602;0;13;0;16;-3;-221;0;13;0;-182
330022;2014;0;168;3;129;177;913;0;59;0;1449;0;-159;-1;-130;-171;-940;0;-59;0;-1460;0;9;2;-1;6;-27;0;0;0;-11
330022;2013;0;155;1;66;179;1054;0;41;0;1496;0;-142;-2;-66;-167;-1470;0;-40;0;-1887;0;13;-1;0;12;-416;0;1;0;-391
330022;2012;0;156;2;67;169;2967;0;47;0;3408;0;-134;-1;-63;-158;-3418;0;-36;0;-3810;0;22;1;4;11;-451;0;11;0;-402
330022;2011;0;143;1;42;185;3105;4;12;0;3492;0;-129;-1;-43;-159;-1852;-3;-31;0;-2218;0;14;0;-1;26;1253;1;-19;0;1274
330022;2010;0;141;3;42;121;2043;0;37;0;2387;0;-110;-1;-44;-86;-1725;0;-22;0;-1988;0;31;2;-2;35;318;0;15;0;399
330022;2009;0;98;1;56;132;2432;0;36;0;2755;0;-128;-1;-31;-133;-1499;0;-28;0;-1820;0;-30;0;25;-1;933;0;8;0;935
330022;2008;0;173;0;16;151;1023;0;17;0;1380;0;-468;-1;-12;-155;-1317;0;-26;0;-1979;0;-295;-1;4;-4;-294;0;-9;0;-599
330022;2007;0;201;320;16;131;1153;7;22;0;1850;0;-225;-537;-11;-93;-520;-5;-33;0;-1424;0;-24;-217;5;38;633;2;-11;0;426
330022;2006;0;333;529;44;116;1024;0;26;0;2072;0;-265;-443;-70;-99;-811;0;-22;0;-1710;0;68;86;-26;17;213;0;4;0;362
330022;2005;0;342;577;88;101;933;8;27;0;2076;0;-136;-372;-74;-130;-1158;-7;-24;0;-1901;0;206;205;14;-29;-225;1;3;0;175
330022;2004;0;64;514;114;198;914;225;29;0;2058;0;-78;-364;-120;-140;-782;-139;-24;0;-1647;0;-14;150;-6;58;132;86;5;0;411
330023;Total;1;580;70;1551;13799;31281;2561;60;0;49903;-1;-565;-53;-1730;-13143;-29588;-2334;-50;0;-47464;0;15;17;-179;656;1693;227;10;0;2439
330023;2015;0;35;0;124;1572;3652;0;9;0;5392;-1;-48;0;-175;-1586;-3432;-2;-13;0;-5257;-1;-13;0;-51;-14;220;-2;-4;0;135
330023;2014;0;80;0;194;1591;3164;0;2;0;5031;0;-61;0;-213;-1563;-3274;0;-2;0;-5113;0;19;0;-19;28;-110;0;0;0;-82
330023;2013;0;51;0;229;1477;3442;0;5;0;5204;0;-65;0;-208;-1415;-3191;0;-6;0;-4885;0;-14;0;21;62;251;0;-1;0;319
330023;2012;1;95;0;168;1193;2914;0;7;0;4378;0;-141;0;-211;-1262;-3030;0;-6;0;-4650;1;-46;0;-43;-69;-116;0;1;0;-272
330023;2011;0;75;26;198;1267;3340;411;5;0;5322;0;-65;-9;-200;-1237;-3107;-27;-4;0;-4649;0;10;17;-2;30;233;384;1;0;673
330023;2010;0;47;12;160;1255;3011;288;4;0;4777;0;-44;-11;-148;-1075;-2829;-625;-7;0;-4739;0;3;1;12;180;182;-337;-3;0;38
330023;2009;0;47;6;56;1105;2464;1044;6;0;4728;0;-29;-9;-64;-1166;-2159;-808;-4;0;-4239;0;18;-3;-8;-61;305;236;2;0;489
330023;2008;0;28;3;106;949;2103;284;10;0;3483;0;-28;-8;-131;-934;-2020;-520;-6;0;-3647;0;0;-5;-25;15;83;-236;4;0;-164
330023;2007;0;41;7;100;1072;1792;515;5;0;3532;0;-27;-10;-97;-850;-1711;-324;-2;0;-3021;0;14;-3;3;222;81;191;3;0;511
330023;2006;0;21;13;98;807;1737;19;0;0;2695;0;-12;-5;-96;-802;-1805;-28;0;0;-2748;0;9;8;2;5;-68;-9;0;0;-53
330023;2005;0;21;3;49;841;1942;0;4;0;2860;0;-18;-1;-63;-671;-1600;0;0;0;-2353;0;3;2;-14;170;342;0;4;0;507
330023;2004;0;39;0;69;670;1720;0;3;0;2501;0;-27;0;-124;-582;-1430;0;0;0;-2163;0;12;0;-55;88;290;0;3;0;338
330025;Total;122;548;204;1072;4465;6489;1756;5;0;14661;-138;-1171;-278;-1046;-4252;-6021;-232;-4;0;-13142;-16;-623;-74;26;213;468;1524;1;0;1519
330025;2015;0;23;14;210;395;648;0;0;0;1290;0;-22;-26;-180;-485;-777;0;0;0;-1490;0;1;-12;30;-90;-129;0;0;0;-200
330025;2014;0;24;40;133;533;690;0;2;0;1422;0;-43;-37;-142;-500;-791;0;0;0;-1513;0;-19;3;-9;33;-101;0;2;0;-91
330025;2013;1;84;17;126;513;1002;0;0;0;1743;-1;-91;-20;-126;-530;-974;0;0;0;-1742;0;-7;-3;0;-17;28;0;0;0;1
330025;2012;2;47;22;122;421;870;0;0;0;1484;0;-52;-16;-186;-397;-670;0;0;0;-1321;2;-5;6;-64;24;200;0;0;0;163
330025;2011;8;21;18;138;361;662;188;0;0;1396;-15;-30;-14;-56;-315;-559;-14;0;0;-1003;-7;-9;4;82;46;103;174;0;0;393
330025;2010;15;49;26;44;380;595;478;0;0;1587;-5;-50;-29;-79;-298;-422;-24;0;0;-907;10;-1;-3;-35;82;173;454;0;0;680
330025;2009;1;73;13;84;260;443;437;0;0;1311;-2;-56;-59;-63;-286;-302;-68;0;0;-836;-1;17;-46;21;-26;141;369;0;0;475
330025;2008;2;20;44;76;297;351;149;0;0;939;0;-29;-18;-41;-285;-388;-13;0;0;-774;2;-9;26;35;12;-37;136;0;0;165
330025;2007;1;23;4;19;332;307;263;0;0;949;0;-565;-47;-31;-257;-297;-66;-1;0;-1264;1;-542;-43;-12;75;10;197;-1;0;-315
330025;2006;42;46;5;25;319;261;241;3;0;942;-90;-106;-5;-40;-345;-373;-47;-2;0;-1008;-48;-60;0;-15;-26;-112;194;1;0;-66
330025;2005;50;63;0;60;308;390;0;0;0;871;-16;-64;-4;-63;-273;-254;0;0;0;-674;34;-1;-4;-3;35;136;0;0;0;197
330025;2004;0;75;1;35;346;270;0;0;0;727;-9;-63;-3;-39;-281;-214;0;-1;0;-610;-9;12;-2;-4;65;56;0;-1;0;117
330030;Total;146;14170;152;6371;25982;20073;109;1541;0;68544;-140;-14973;-113;-6375;-25132;-18210;-54;-1503;0;-66500;6;-803;39;-4;850;1863;55;38;0;2044
330030;2015;8;1054;21;465;2129;1575;0;88;0;5340;-14;-1837;-18;-574;-2288;-1610;-1;-114;0;-6456;-6;-783;3;-109;-159;-35;-1;-26;0;-1116
330030;2014;7;1303;17;565;2656;1674;0;118;0;6340;-4;-1609;-17;-581;-2480;-1749;0;-109;0;-6549;3;-306;0;-16;176;-75;0;9;0;-209
330030;2013;15;1171;13;652;2677;1741;0;116;0;6385;-15;-1633;-16;-698;-2611;-1911;-1;-108;0;-6993;0;-462;-3;-46;66;-170;-1;8;0;-608
330030;2012;10;1559;12;593;2575;2071;2;110;0;6932;-6;-1419;-7;-654;-2504;-1883;-1;-138;0;-6612;4;140;5;-61;71;188;1;-28;0;320
330030;2011;7;1338;18;923;2800;2511;0;149;0;7746;-10;-1364;-10;-908;-2617;-1932;-1;-147;0;-6989;-3;-26;8;15;183;579;-1;2;0;757
330030;2010;13;1286;0;542;2504;1870;31;127;0;6373;-15;-1124;-5;-413;-2453;-1713;-5;-117;0;-5845;-2;162;-5;129;51;157;26;10;0;528
330030;2009;30;1402;5;289;2012;1591;60;147;0;5536;-28;-1746;-5;-331;-1863;-1346;-2;-97;0;-5418;2;-344;0;-42;149;245;58;50;0;118
330030;2008;16;1014;18;638;2208;1600;6;150;0;5650;-10;-1350;-15;-507;-2054;-1290;-27;-203;0;-5456;6;-336;3;131;154;310;-21;-53;0;194
330030;2007;8;1414;5;460;1885;1351;3;137;0;5263;-8;-822;-12;-433;-1807;-1231;-1;-144;0;-4458;0;592;-7;27;78;120;2;-7;0;805
330030;2006;11;833;9;389;1498;1472;4;114;0;4330;-13;-921;-7;-325;-1489;-1297;-11;-71;0;-4134;-2;-88;2;64;9;175;-7;43;0;196
330030;2005;10;870;24;356;1603;1243;1;148;0;4255;-9;-675;0;-493;-1415;-1158;-3;-136;0;-3889;1;195;24;-137;188;85;-2;12;0;366
330030;2004;11;926;10;499;1435;1374;2;137;0;4394;-8;-473;-1;-458;-1551;-1090;-1;-119;0;-3701;3;453;9;41;-116;284;1;18;0;693
330040;Total;425;25870;706;10364;52429;62254;3036;1615;0;156699;-423;-25007;-764;-10106;-51093;-57491;-3110;-1673;0;-149667;2;863;-58;258;1336;4763;-74;-58;0;7032
330040;2015;20;1503;5;1054;3826;5446;296;98;0;12248;-26;-2093;-5;-963;-4258;-6155;-393;-128;0;-14021;-6;-590;0;91;-432;-709;-97;-30;0;-1773
330040;2014;16;2274;20;1090;4992;6929;402;167;0;15890;-28;-2514;-16;-1544;-5183;-6685;-171;-152;0;-16293;-12;-240;4;-454;-191;244;231;15;0;-403
330040;2013;135;2435;51;1275;5395;6456;262;158;0;16167;-135;-2546;-120;-1256;-5385;-7016;-60;-111;0;-16629;0;-111;-69;19;10;-560;202;47;0;-462
330040;2012;60;2841;73;1251;5316;6824;271;138;0;16774;-57;-2806;-78;-1153;-5055;-6197;-114;-192;0;-15652;3;35;-5;98;261;627;157;-54;0;1122
330040;2011;70;2665;71;1223;5272;6423;105;122;0;15951;-45;-2406;-62;-997;-5109;-5637;-79;-137;0;-14472;25;259;9;226;163;786;26;-15;0;1479
330040;2010;42;2753;63;1155;5007;6091;187;113;0;15411;-36;-2232;-70;-1080;-4591;-5103;-623;-147;0;-13882;6;521;-7;75;416;988;-436;-34;0;1529
330040;2009;22;2128;89;992;4426;5241;337;116;0;13351;-20;-2511;-170;-957;-4182;-4574;-255;-92;0;-12761;2;-383;-81;35;244;667;82;24;0;590
330040;2008;11;2400;199;773;4192;5169;255;119;0;13118;-12;-1984;-106;-680;-3987;-4223;-120;-120;0;-11232;-1;416;93;93;205;946;135;-1;0;1886
330040;2007;10;1922;44;522;3618;4011;189;108;0;10424;-11;-1754;-52;-439;-3529;-3821;-341;-162;0;-10109;-1;168;-8;83;89;190;-152;-54;0;315
330040;2006;14;1599;40;488;3330;3791;373;79;0;9714;-31;-1356;-41;-363;-3165;-3267;-231;-110;0;-8564;-17;243;-1;125;165;524;142;-31;0;1150
330040;2005;9;1699;26;278;3644;3252;228;210;0;9346;-10;-1498;-28;-342;-3462;-2688;-299;-188;0;-8515;-1;201;-2;-64;182;564;-71;22;0;831
330040;2004;16;1651;25;263;3411;2621;131;187;0;8305;-12;-1307;-16;-332;-3187;-2125;-424;-134;0;-7537;4;344;9;-69;224;496;-293;53;0;768
330045;Total;4;10580;287;18794;42034;38503;18;16;0;110236;-1;-10396;-256;-17825;-39406;-34868;-15;-33;0;-102800;3;184;31;969;2628;3635;3;-17;0;7436
330045;2015;1;559;32;1617;4487;4117;0;7;0;10820;0;-799;-23;-1723;-4638;-4495;0;-26;0;-11704;1;-240;9;-106;-151;-378;0;-19;0;-884
330045;2014;0;752;29;2193;4926;5533;0;2;0;13435;0;-764;-40;-2037;-4858;-4928;0;0;0;-12627;0;-12;-11;156;68;605;0;2;0;808
330045;2013;0;688;57;2013;5044;5263;4;1;0;13070;0;-831;-29;-1769;-4667;-4651;-2;-1;0;-11950;0;-143;28;244;377;612;2;0;0;1120
330045;2012;0;819;29;1983;4081;4070;3;0;0;10985;0;-1020;-28;-2093;-3789;-3844;-3;-1;0;-10778;0;-201;1;-110;292;226;0;-1;0;207
330045;2011;0;976;76;2496;3878;3769;2;0;0;11197;0;-987;-7;-2280;-3686;-3195;-1;0;0;-10156;0;-11;69;216;192;574;1;0;0;1041
330045;2010;0;1158;2;2480;3732;3116;1;0;0;10489;0;-997;0;-2005;-3340;-2524;-1;0;0;-8867;0;161;2;475;392;592;0;0;0;1622
330045;2009;0;1100;0;1506;2943;2653;2;0;0;8204;0;-1136;0;-1297;-3059;-2163;-2;0;0;-7657;0;-36;0;209;-116;490;0;0;0;547
330045;2008;0;1151;4;952;3074;2438;0;0;0;7619;0;-1149;-68;-973;-2830;-2152;0;-1;0;-7173;0;2;-64;-21;244;286;0;-1;0;446
330045;2007;1;1424;24;751;2593;1894;0;3;0;6690;-1;-982;-28;-896;-2421;-1740;0;-2;0;-6070;0;442;-4;-145;172;154;0;1;0;620
330045;2006;0;616;28;1001;2281;1898;0;0;0;5824;0;-556;-33;-1065;-2215;-1839;0;0;0;-5708;0;60;-5;-64;66;59;0;0;0;116
330045;2005;1;690;0;781;2117;2044;6;0;0;5639;0;-599;0;-722;-1927;-1995;-6;0;0;-5249;1;91;0;59;190;49;0;0;0;390
330045;2004;1;647;6;1021;2878;1708;0;3;0;6264;0;-576;0;-965;-1976;-1342;0;-2;0;-4861;1;71;6;56;902;366;0;1;0;1403
330050;Total;371;7400;25;1011;4786;3038;13;2870;0;19514;-334;-6349;-24;-1170;-4115;-2766;-141;-2803;0;-17702;37;1051;1;-159;671;272;-128;67;0;1812
330050;2015;52;432;0;91;480;421;0;180;0;1656;-70;-735;0;-104;-472;-409;0;-124;0;-1914;-18;-303;0;-13;8;12;0;56;0;-258
330050;2014;74;761;1;170;550;319;0;188;0;2063;-53;-851;-1;-108;-489;-323;0;-205;0;-2030;21;-90;0;62;61;-4;0;-17;0;33
330050;2013;21;934;1;61;578;288;0;199;0;2082;-25;-784;-1;-75;-499;-261;0;-214;0;-1859;-4;150;0;-14;79;27;0;-15;0;223
330050;2012;163;818;0;36;523;330;0;196;0;2066;-160;-712;0;-174;-470;-275;0;-220;0;-2011;3;106;0;-138;53;55;0;-24;0;55
330050;2011;39;938;2;161;490;278;0;274;0;2182;-3;-845;-8;-360;-423;-493;0;-301;0;-2433;36;93;-6;-199;67;-215;0;-27;0;-251
330050;2010;4;937;21;208;473;332;0;293;0;2268;-6;-743;-14;-226;-376;-237;0;-295;0;-1897;-2;194;7;-18;97;95;0;-2;0;371
330050;2009;10;867;0;190;345;262;0;313;0;1987;-6;-542;0;-64;-304;-205;0;-313;0;-1434;4;325;0;126;41;57;0;0;0;553
330050;2008;1;612;0;14;314;278;0;315;0;1534;-4;-397;0;-15;-269;-164;0;-271;0;-1120;-3;215;0;-1;45;114;0;44;0;414
330050;2007;5;350;0;18;248;233;0;241;0;1095;-2;-259;0;-14;-235;-127;0;-242;0;-879;3;91;0;4;13;106;0;-1;0;216
330050;2006;0;292;0;14;278;135;0;240;0;959;-1;-198;0;-14;-205;-101;0;-229;0;-748;-1;94;0;0;73;34;0;11;0;211
330050;2005;0;262;0;32;271;75;6;163;0;809;-1;-148;0;-8;-194;-89;-49;-156;0;-645;-1;114;0;24;77;-14;-43;7;0;164
330050;2004;2;197;0;16;236;87;7;268;0;813;-3;-135;0;-8;-179;-82;-92;-233;0;-732;-1;62;0;8;57;5;-85;35;0;81
330060;Total;18;2463;1;2119;8133;5928;12;1148;0;19822;-16;-2349;-1;-2022;-7393;-5654;-6;-1143;0;-18584;2;114;0;97;740;274;6;5;0;1238
330060;2015;0;237;0;86;553;488;0;83;0;1447;-2;-244;0;-140;-612;-510;-1;-83;0;-1592;-2;-7;0;-54;-59;-22;-1;0;0;-145
330060;2014;1;271;0;175;790;674;0;93;0;2004;-1;-308;0;-184;-795;-608;-2;-120;0;-2018;0;-37;0;-9;-5;66;-2;-27;0;-14
330060;2013;2;271;0;152;856;663;0;97;0;2041;-1;-268;0;-99;-775;-628;0;-112;0;-1883;1;3;0;53;81;35;0;-15;0;158
330060;2012;2;275;0;141;739;683;0;101;0;1941;-4;-275;0;-152;-738;-648;0;-116;0;-1933;-2;0;0;-11;1;35;0;-15;0;8
330060;2011;4;238;0;208;910;604;0;97;0;2061;-4;-215;0;-181;-736;-553;0;-113;0;-1802;0;23;0;27;174;51;0;-16;0;259
330060;2010;7;273;1;246;708;508;0;132;0;1875;-2;-259;-1;-219;-596;-518;0;-98;0;-1693;5;14;0;27;112;-10;0;34;0;182
330060;2009;0;204;0;152;633;595;11;97;0;1692;-1;-159;0;-258;-630;-490;-1;-116;0;-1655;-1;45;0;-106;3;105;10;-19;0;37
330060;2008;2;134;0;569;659;470;1;114;0;1949;0;-144;0;-493;-606;-415;-1;-95;0;-1754;2;-10;0;76;53;55;0;19;0;195
330060;2007;0;138;0;196;548;294;0;84;0;1260;-1;-113;0;-83;-510;-303;0;-84;0;-1094;-1;25;0;113;38;-9;0;0;0;166
330060;2006;0;161;0;59;633;314;0;74;0;1241;0;-116;0;-70;-458;-329;0;-56;0;-1029;0;45;0;-11;175;-15;0;18;0;212
330060;2005;0;132;0;13;646;324;0;93;0;1208;0;-144;0;-47;-480;-379;0;-76;0;-1126;0;-12;0;-34;166;-55;0;17;0;82
330060;2004;0;129;0;122;458;311;0;83;0;1103;0;-104;0;-96;-457;-273;-1;-74;0;-1005;0;25;0;26;1;38;-1;9;0;98
330070;Total;2869;9759;1500;16574;64863;60795;298;2576;0;159234;-2989;-9249;-1670;-16634;-61395;-55793;-87;-2629;0;-150446;-120;510;-170;-60;3468;5002;211;-53;0;8788
330070;2015;124;414;25;1341;6937;6821;0;94;0;15756;-180;-427;-85;-1483;-7189;-7122;0;-122;0;-16608;-56;-13;-60;-142;-252;-301;0;-28;0;-852
330070;2014;178;587;118;1750;7942;7747;1;69;0;18392;-187;-513;-117;-1709;-7671;-7184;0;-98;0;-17479;-9;74;1;41;271;563;1;-29;0;913
330070;2013;254;1150;62;2085;7350;6764;1;165;0;17831;-257;-645;-57;-1906;-7079;-6560;-1;-226;0;-16731;-3;505;5;179;271;204;0;-61;0;1100
330070;2012;298;971;49;1566;5786;5584;0;147;0;14401;-266;-905;-48;-1463;-5807;-5619;-1;-224;0;-14333;32;66;1;103;-21;-35;-1;-77;0;68
330070;2011;241;966;57;1376;5742;5764;0;237;0;14383;-272;-856;-71;-1389;-5583;-5230;0;-339;0;-13740;-31;110;-14;-13;159;534;0;-102;0;643
330070;2010;7;723;51;1490;5283;5312;0;288;0;13154;-17;-1062;-164;-1287;-4988;-4492;0;-274;0;-12284;-10;-339;-113;203;295;820;0;14;0;870
330070;2009;242;1070;134;1092;5054;4537;0;229;0;12358;-215;-946;-129;-981;-4810;-3877;0;-215;0;-11173;27;124;5;111;244;660;0;14;0;1185
330070;2008;217;840;161;1200;4965;3972;0;246;0;11601;-311;-996;-233;-1057;-4599;-3652;0;-221;0;-11069;-94;-156;-72;143;366;320;0;25;0;532
330070;2007;272;757;197;764;4651;3841;0;228;0;10710;-260;-534;-205;-547;-3937;-3238;0;-195;0;-8916;12;223;-8;217;714;603;0;33;0;1794
330070;2006;311;751;238;494;3877;3413;16;183;0;9283;-329;-888;-174;-661;-3523;-2983;-3;-247;0;-8808;-18;-137;64;-167;354;430;13;-64;0;475
330070;2005;332;827;220;1123;3897;3738;230;387;0;10754;-338;-940;-229;-2562;-3332;-3130;-42;-252;0;-10825;-6;-113;-9;-1439;565;608;188;135;0;-71
330070;2004;393;703;188;2293;3379;3302;50;303;0;10611;-357;-537;-158;-1589;-2877;-2706;-40;-216;0;-8480;36;166;30;704;502;596;10;87;0;2131
330080;Total;135;4096;334;2162;9070;8021;3352;2259;0;29429;-128;-3788;-255;-2140;-8738;-8127;-1537;-2365;0;-27078;7;308;79;22;332;-106;1815;-106;0;2351
330080;2015;8;223;23;35;577;369;36;137;0;1408;-7;-310;-35;-81;-596;-399;-27;-179;0;-1634;1;-87;-12;-46;-19;-30;9;-42;0;-226
330080;2014;20;244;42;129;1221;497;451;223;0;2827;-18;-393;-44;-217;-1067;-442;-263;-218;0;-2662;2;-149;-2;-88;154;55;188;5;0;165
330080;2013;13;360;36;240;1080;612;1068;239;0;3648;-14;-515;-26;-232;-983;-817;-625;-218;0;-3430;-1;-155;10;8;97;-205;443;21;0;218
330080;2012;11;595;39;163;961;803;639;222;0;3433;-14;-561;-31;-203;-1180;-746;-199;-245;0;-3179;-3;34;8;-40;-219;57;440;-23;0;254
330080;2011;8;465;60;195;892;978;559;204;0;3361;-13;-431;-20;-126;-852;-738;-105;-223;0;-2508;-5;34;40;69;40;240;454;-19;0;853
330080;2010;12;453;26;155;830;724;480;228;0;2908;-16;-299;-15;-87;-807;-565;-244;-232;0;-2265;-4;154;11;68;23;159;236;-4;0;643
330080;2009;10;258;5;146;847;647;117;208;0;2238;-16;-216;-15;-483;-759;-440;-71;-236;0;-2236;-6;42;-10;-337;88;207;46;-28;0;2
330080;2008;21;363;29;307;640;678;1;193;0;2232;-7;-321;-10;-90;-645;-448;0;-203;0;-1724;14;42;19;217;-5;230;1;-10;0;508
330080;2007;5;391;25;259;478;430;0;152;0;1740;-2;-211;-10;-216;-465;-611;0;-177;0;-1692;3;180;15;43;13;-181;0;-25;0;48
330080;2006;11;411;5;291;506;513;0;165;0;1902;-7;-183;-7;-227;-444;-494;0;-162;0;-1524;4;228;-2;64;62;19;0;3;0;378
330080;2005;16;201;21;230;550;790;0;146;0;1954;-12;-179;-22;-170;-490;-907;-3;-140;0;-1923;4;22;-1;60;60;-117;-3;6;0;31
330080;2004;0;132;23;12;488;980;1;142;0;1778;-2;-169;-20;-8;-450;-1520;0;-132;0;-2301;-2;-37;3;4;38;-540;1;10;0;-523
330090;Total;153;738;183;71;836;474;1;380;0;2836;-149;-695;-209;-59;-720;-493;-1;-357;0;-2683;4;43;-26;12;116;-19;0;23;0;153
330090;2015;15;69;0;3;62;26;0;29;0;204;-9;-52;0;-3;-70;-33;0;-32;0;-199;6;17;0;0;-8;-7;0;-3;0;5
330090;2014;5;87;0;7;97;43;0;39;0;278;-26;-127;0;-9;-73;-34;0;-34;0;-303;-21;-40;0;-2;24;9;0;5;0;-25
330090;2013;13;136;0;13;113;112;0;31;0;418;-21;-102;0;-3;-88;-218;0;-38;0;-470;-8;34;0;10;25;-106;0;-7;0;-52
330090;2012;10;63;0;2;91;61;0;37;0;264;-12;-70;0;-2;-65;-48;0;-45;0;-242;-2;-7;0;0;26;13;0;-8;0;22
330090;2011;23;56;0;2;57;57;0;40;0;235;-19;-63;0;0;-64;-21;0;-33;0;-200;4;-7;0;2;-7;36;0;7;0;35
330090;2010;14;65;0;17;74;40;0;36;0;246;-6;-43;-33;-14;-65;-28;0;-32;0;-221;8;22;-33;3;9;12;0;4;0;25
330090;2009;12;82;3;7;66;18;1;38;0;227;-21;-62;-1;-19;-53;-26;0;-37;0;-219;-9;20;2;-12;13;-8;1;1;0;8
330090;2008;6;44;41;9;78;20;0;30;0;228;-7;-36;-102;-6;-61;-11;0;-24;0;-247;-1;8;-61;3;17;9;0;6;0;-19
330090;2007;25;42;139;8;38;12;0;26;0;290;-5;-18;-72;-2;-58;-16;0;-26;0;-197;20;24;67;6;-20;-4;0;0;0;93
330090;2006;1;32;0;3;55;50;0;18;0;159;0;-39;0;0;-37;-41;0;-18;0;-135;1;-7;0;3;18;9;0;0;0;24
330090;2005;5;29;0;0;60;16;0;25;0;135;-17;-60;-1;-1;-46;-10;-1;-19;0;-155;-12;-31;-1;-1;14;6;-1;6;0;-20
330090;2004;24;33;0;0;45;19;0;31;0;152;-6;-23;0;0;-40;-7;0;-19;0;-95;18;10;0;0;5;12;0;12;0;57
330093;Total;1;106;3;88;869;1431;11;82;0;2591;0;-102;0;-88;-728;-1201;-17;-79;0;-2215;1;4;3;0;141;230;-6;3;0;376
330093;2015;0;21;3;28;146;222;0;18;0;438;0;-15;0;-23;-135;-199;0;-19;0;-391;0;6;3;5;11;23;0;-1;0;47
330093;2014;0;11;0;36;69;293;11;12;0;432;0;-8;0;-32;-107;-285;-17;-6;0;-455;0;3;0;4;-38;8;-6;6;0;-23
330093;2013;0;7;0;0;128;357;0;6;0;498;0;-3;0;0;-102;-320;0;-4;0;-429;0;4;0;0;26;37;0;2;0;69
330093;2012;0;8;0;3;138;209;0;3;0;361;0;-10;0;-2;-84;-159;0;-5;0;-260;0;-2;0;1;54;50;0;-2;0;101
330093;2011;0;7;0;4;75;174;0;8;0;268;0;-2;0;-1;-60;-99;0;-7;0;-169;0;5;0;3;15;75;0;1;0;99
330093;2010;0;0;0;0;82;49;0;2;0;133;0;-1;0;0;-57;-47;0;-8;0;-113;0;-1;0;0;25;2;0;-6;0;20
330093;2009;0;0;0;1;65;25;0;5;0;96;0;-2;0;-1;-60;-23;0;-3;0;-89;0;-2;0;0;5;2;0;2;0;7
330093;2008;0;2;0;0;56;32;0;1;0;91;0;-8;0;-1;-45;-14;0;-2;0;-70;0;-6;0;-1;11;18;0;-1;0;21
330093;2007;0;48;0;0;43;24;0;1;0;116;0;-50;0;-4;-26;-15;0;-6;0;-101;0;-2;0;-4;17;9;0;-5;0;15
330093;2006;1;2;0;2;29;14;0;13;0;61;0;-3;0;-4;-24;-17;0;-4;0;-52;1;-1;0;-2;5;-3;0;9;0;9
330093;2005;0;0;0;0;22;29;0;3;0;54;0;0;0;-12;-14;-15;0;-10;0;-51;0;0;0;-12;8;14;0;-7;0;3
330093;2004;0;0;0;14;16;3;0;10;0;43;0;0;0;-8;-14;-8;0;-5;0;-35;0;0;0;6;2;-5;0;5;0;8
330095;Total;38;4907;1;6185;2424;8682;0;158;0;22395;-38;-4840;0;-6472;-2054;-8444;-1;-177;0;-22026;0;67;1;-287;370;238;-1;-19;0;369
330095;2015;0;714;0;43;123;413;0;8;0;1301;0;-763;0;-52;-128;-916;0;-10;0;-1869;0;-49;0;-9;-5;-503;0;-2;0;-568
330095;2014;0;738;0;27;191;631;0;12;0;1599;0;-606;0;-40;-189;-772;0;-13;0;-1620;0;132;0;-13;2;-141;0;-1;0;-21
330095;2013;0;490;0;77;267;682;0;11;0;1527;0;-454;0;-95;-304;-1066;0;-9;0;-1928;0;36;0;-18;-37;-384;0;2;0;-401
330095;2012;0;286;0;50;477;696;0;17;0;1526;-1;-517;0;-79;-304;-597;0;-16;0;-1514;-1;-231;0;-29;173;99;0;1;0;12
330095;2011;0;359;1;49;238;633;0;13;0;1293;-2;-389;0;-18;-190;-673;0;-14;0;-1286;-2;-30;1;31;48;-40;0;-1;0;7
330095;2010;9;403;0;60;137;954;0;14;0;1577;-4;-319;0;-207;-110;-539;0;-15;0;-1194;5;84;0;-147;27;415;0;-1;0;383
330095;2009;4;302;0;114;141;717;0;16;0;1294;-4;-368;0;-363;-141;-853;0;-19;0;-1748;0;-66;0;-249;0;-136;0;-3;0;-454
330095;2008;2;401;0;1309;124;1177;0;15;0;3028;-5;-376;0;-1388;-82;-771;0;-24;0;-2646;-3;25;0;-79;42;406;0;-9;0;382
330095;2007;5;285;0;1644;99;866;0;17;0;2916;-6;-277;0;-1724;-175;-890;-1;-10;0;-3083;-1;8;0;-80;-76;-24;-1;7;0;-167
330095;2006;8;340;0;1239;121;660;0;12;0;2380;-8;-342;0;-1210;-104;-633;0;-7;0;-2304;0;-2;0;29;17;27;0;5;0;76
330095;2005;5;302;0;910;317;520;0;14;0;2068;-5;-227;0;-785;-202;-422;0;-25;0;-1666;0;75;0;125;115;98;0;-11;0;402
330095;2004;5;287;0;663;189;733;0;9;0;1886;-3;-202;0;-511;-125;-312;0;-15;0;-1168;2;85;0;152;64;421;0;-6;0;718
330100;Total;955;50925;5219;61863;111413;102498;567;48487;0;381927;-772;-53803;-4956;-60997;-105572;-98215;-312;-45540;0;-370167;183;-2878;263;866;5841;4283;255;2947;0;11760
330100;2015;85;2526;187;4143;9092;10522;1;2383;0;28939;-82;-3812;-549;-5662;-10004;-11135;-2;-2591;0;-33837;3;-1286;-362;-1519;-912;-613;-1;-208;0;-4898
330100;2014;57;4064;443;7372;12587;12985;1;2931;0;40440;-85;-4104;-389;-7454;-12325;-12961;-1;-2768;0;-40087;-28;-40;54;-82;262;24;0;163;0;353
330100;2013;91;4023;669;6172;12374;11632;0;3293;0;38254;-60;-3818;-509;-5493;-11911;-10528;0;-3153;0;-35472;31;205;160;679;463;1104;0;140;0;2782
330100;2012;82;3992;684;6541;11420;10758;0;3785;0;37262;-75;-3831;-494;-8404;-11656;-9328;-4;-3840;0;-37632;7;161;190;-1863;-236;1430;-4;-55;0;-370
330100;2011;73;3920;359;6853;10745;10145;17;4582;0;36694;-62;-3559;-402;-6718;-9757;-8773;-26;-3889;0;-33186;11;361;-43;135;988;1372;-9;693;0;3508
330100;2010;89;5276;324;7048;9999;9293;22;2941;0;34992;-99;-4541;-369;-5719;-9043;-7544;-75;-4363;0;-31753;-10;735;-45;1329;956;1749;-53;-1422;0;3239
330100;2009;122;4900;389;3197;8225;6116;46;2983;0;25978;-68;-4776;-423;-3376;-8162;-5682;-77;-3597;0;-26161;54;124;-34;-179;63;434;-31;-614;0;-183
330100;2008;28;5406;528;5600;8791;7080;132;4008;0;31573;-70;-6909;-398;-4932;-8136;-6679;-10;-2450;0;-29584;-42;-1503;130;668;655;401;122;1558;0;1989
330100;2007;62;4175;401;3917;7481;6716;22;3859;0;26633;-38;-4775;-391;-3953;-6568;-10916;-10;-2572;0;-29223;24;-600;10;-36;913;-4200;12;1287;0;-2590
330100;2006;201;4237;468;4025;7019;6111;65;4698;0;26824;-48;-4267;-396;-2724;-6382;-5321;-14;-5331;0;-24483;153;-30;72;1301;637;790;51;-633;0;2341
330100;2005;37;3341;447;3682;6906;5603;45;7458;0;27519;-53;-3844;-308;-3253;-5855;-4955;-61;-8128;0;-26457;-16;-503;139;429;1051;648;-16;-670;0;1062
330100;2004;28;5065;320;3313;6774;5537;216;5566;0;26819;-32;-5567;-328;-3309;-5773;-4393;-32;-2858;0;-22292;-4;-502;-8;4;1001;1144;184;2708;0;4527
330110;Total;99;3874;22;918;2474;3507;370;1136;0;12400;-95;-3168;-28;-975;-2284;-3056;-324;-1208;0;-11138;4;706;-6;-57;190;451;46;-72;0;1262
330110;2015;10;343;0;27;162;234;22;74;0;872;-8;-283;-1;-132;-183;-276;-9;-102;0;-994;2;60;-1;-105;-21;-42;13;-28;0;-122
330110;2014;5;238;1;57;231;395;1;98;0;1026;-4;-225;-2;-58;-178;-282;-10;-109;0;-868;1;13;-1;-1;53;113;-9;-11;0;158
330110;2013;1;235;1;88;255;321;2;93;0;996;-9;-246;-3;-69;-244;-239;-43;-99;0;-952;-8;-11;-2;19;11;82;-41;-6;0;44
330110;2012;11;339;1;66;267;278;31;97;0;1090;-16;-291;0;-74;-258;-271;-16;-118;0;-1044;-5;48;1;-8;9;7;15;-21;0;46
330110;2011;7;264;0;88;278;288;41;122;0;1088;-6;-259;-1;-82;-229;-213;-15;-111;0;-916;1;5;-1;6;49;75;26;11;0;172
330110;2010;14;313;0;114;205;279;41;128;0;1094;-9;-317;-1;-108;-212;-213;-52;-120;0;-1032;5;-4;-1;6;-7;66;-11;8;0;62
330110;2009;7;334;5;67;165;313;13;96;0;1000;-3;-251;-6;-91;-149;-308;-6;-90;0;-904;4;83;-1;-24;16;5;7;6;0;96
330110;2008;6;259;13;137;169;283;4;83;0;954;-16;-210;-7;-75;-175;-334;-7;-92;0;-916;-10;49;6;62;-6;-51;-3;-9;0;38
330110;2007;28;840;0;63;132;361;8;90;0;1522;-17;-526;-1;-64;-144;-343;-26;-82;0;-1203;11;314;-1;-1;-12;18;-18;8;0;319
330110;2006;10;276;1;97;253;328;31;70;0;1066;-6;-196;0;-78;-189;-220;-46;-78;0;-813;4;80;1;19;64;108;-15;-8;0;253
330110;2005;0;215;0;50;201;251;142;83;0;942;-1;-209;0;-64;-156;-209;-18;-115;0;-772;-1;6;0;-14;45;42;124;-32;0;170
330110;2004;0;218;0;64;156;176;34;102;0;750;0;-155;-6;-80;-167;-148;-76;-92;0;-724;0;63;-6;-16;-11;28;-42;10;0;26
330115;Total;175;100;0;230;427;495;0;420;0;1847;-133;-96;0;-212;-374;-412;0;-380;0;-1607;42;4;0;18;53;83;0;40;0;240
330115;2015;18;10;0;25;77;43;0;27;0;200;-49;-10;0;-64;-55;-49;0;-33;0;-260;-31;0;0;-39;22;-6;0;-6;0;-60
330115;2014;60;11;0;119;58;51;0;41;0;340;-37;-11;0;-52;-47;-30;0;-50;0;-227;23;0;0;67;11;21;0;-9;0;113
330115;2013;20;20;0;31;47;27;0;25;0;170;-16;-11;0;-17;-44;-36;0;-37;0;-161;4;9;0;14;3;-9;0;-12;0;9
330115;2012;34;19;0;20;45;18;0;72;0;208;-17;-8;0;-37;-45;-26;0;-37;0;-170;17;11;0;-17;0;-8;0;35;0;38
330115;2011;30;5;0;7;36;55;0;32;0;165;-9;-4;0;-17;-65;-76;0;-30;0;-201;21;1;0;-10;-29;-21;0;2;0;-36
330115;2010;6;0;0;5;67;109;0;27;0;214;-1;-10;0;-1;-23;-48;0;-36;0;-119;5;-10;0;4;44;61;0;-9;0;95
330115;2009;1;0;0;12;13;38;0;34;0;98;0;-5;0;-4;-12;-23;0;-18;0;-62;1;-5;0;8;1;15;0;16;0;36
330115;2008;0;0;0;5;8;40;0;37;0;90;0;-11;0;0;-13;-12;0;-39;0;-75;0;-11;0;5;-5;28;0;-2;0;15
330115;2007;0;0;0;0;14;52;0;24;0;90;0;-2;0;-2;-26;-57;0;-22;0;-109;0;-2;0;-2;-12;-5;0;2;0;-19
330115;2006;2;2;0;0;16;53;0;20;0;93;0;0;0;-4;-9;-48;0;-20;0;-81;2;2;0;-4;7;5;0;0;0;12
330115;2005;0;11;0;0;32;7;0;36;0;86;-3;-7;0;-14;-17;-4;0;-34;0;-79;-3;4;0;-14;15;3;0;2;0;7
330115;2004;4;22;0;6;14;2;0;45;0;93;-1;-17;0;0;-18;-3;0;-24;0;-63;3;5;0;6;-4;-1;0;21;0;30
330120;Total;25;1474;36;210;1884;1392;72;407;0;5500;-22;-1417;-62;-180;-1682;-1260;-85;-391;0;-5099;3;57;-26;30;202;132;-13;16;0;401
330120;2015;14;121;5;13;201;81;10;21;0;466;-13;-113;-4;-17;-234;-111;-7;-25;0;-524;1;8;1;-4;-33;-30;3;-4;0;-58
330120;2014;0;99;0;29;328;110;3;35;0;604;-1;-106;-1;-23;-255;-113;-1;-23;0;-523;-1;-7;-1;6;73;-3;2;12;0;81
330120;2013;0;123;4;27;223;145;2;30;0;554;0;-122;-3;-16;-177;-171;-5;-34;0;-528;0;1;1;11;46;-26;-3;-4;0;26
330120;2012;1;127;1;53;170;169;1;31;0;553;0;-125;-1;-59;-132;-143;-37;-33;0;-530;1;2;0;-6;38;26;-36;-2;0;23
330120;2011;2;133;0;45;140;144;21;26;0;511;-2;-139;0;-24;-145;-126;-26;-30;0;-492;0;-6;0;21;-5;18;-5;-4;0;19
330120;2010;2;132;0;12;152;161;35;35;0;529;-3;-126;0;-7;-124;-122;-9;-37;0;-428;-1;6;0;5;28;39;26;-2;0;101
330120;2009;2;127;0;13;157;126;0;39;0;464;-1;-111;-5;-15;-131;-95;0;-39;0;-397;1;16;-5;-2;26;31;0;0;0;67
330120;2008;4;164;0;4;135;108;0;37;0;452;-2;-147;-3;-8;-135;-89;0;-39;0;-423;2;17;-3;-4;0;19;0;-2;0;29
330120;2007;0;126;2;5;111;84;0;33;0;361;0;-146;-5;-6;-107;-70;0;-42;0;-376;0;-20;-3;-1;4;14;0;-9;0;-15
330120;2006;0;80;0;5;81;101;0;9;0;276;0;-77;-1;0;-96;-103;0;-6;0;-283;0;3;-1;5;-15;-2;0;3;0;-7
330120;2005;0;128;22;0;114;99;0;45;0;408;0;-106;-20;-4;-71;-58;0;-31;0;-290;0;22;2;-4;43;41;0;14;0;118
330120;2004;0;114;2;4;72;64;0;66;0;322;0;-99;-19;-1;-75;-59;0;-52;0;-305;0;15;-17;3;-3;5;0;14;0;17
330130;Total;82;1663;418;5877;8859;8692;694;622;0;26907;-74;-1378;-389;-5832;-8352;-9505;-1332;-669;0;-27531;8;285;29;45;507;-813;-638;-47;0;-624
330130;2015;2;135;32;318;881;812;0;34;0;2214;-2;-109;-53;-473;-1014;-1089;-4;-45;0;-2789;0;26;-21;-155;-133;-277;-4;-11;0;-575
330130;2014;5;169;64;261;1038;614;0;40;0;2191;-8;-173;-68;-250;-965;-630;-3;-41;0;-2138;-3;-4;-4;11;73;-16;-3;-1;0;53
330130;2013;8;119;63;479;925;933;0;40;0;2567;-6;-99;-46;-467;-851;-819;-2;-48;0;-2338;2;20;17;12;74;114;-2;-8;0;229
330130;2012;3;137;36;365;841;713;0;40;0;2135;-1;-126;-88;-334;-782;-684;-3;-47;0;-2065;2;11;-52;31;59;29;-3;-7;0;70
330130;2011;9;122;72;240;786;733;0;54;0;2016;-7;-116;-60;-260;-803;-589;-1;-44;0;-1880;2;6;12;-20;-17;144;-1;10;0;136
330130;2010;15;128;83;128;773;733;0;48;0;1908;-3;-121;-45;-385;-740;-593;-2;-56;0;-1945;12;7;38;-257;33;140;-2;-8;0;-37
330130;2009;6;194;52;1827;723;1106;2;56;0;3966;-20;-142;-6;-2802;-634;-1100;-7;-57;0;-4768;-14;52;46;-975;89;6;-5;-1;0;-802
330130;2008;16;251;2;1331;659;777;423;41;0;3500;-7;-165;-4;-160;-674;-1035;-1029;-63;0;-3137;9;86;-2;1171;-15;-258;-606;-22;0;363
330130;2007;5;127;6;165;627;543;269;68;0;1810;-6;-94;-1;-153;-572;-645;-280;-69;0;-1820;-1;33;5;12;55;-102;-11;-1;0;-10
330130;2006;2;85;2;150;624;550;0;62;0;1475;-4;-74;-2;-65;-517;-626;0;-60;0;-1348;-2;11;0;85;107;-76;0;2;0;127
330130;2005;3;103;0;480;590;539;0;72;0;1787;-3;-94;-3;-287;-406;-449;-1;-68;0;-1311;0;9;-3;193;184;90;-1;4;0;476
330130;2004;8;93;6;133;392;639;0;67;0;1338;-7;-65;-13;-196;-394;-1246;0;-71;0;-1992;1;28;-7;-63;-2;-607;0;-4;0;-654
330140;Total;7;396;7;950;1789;1042;0;643;0;4834;-2;-300;-3;-1237;-1518;-1025;0;-729;0;-4814;5;96;4;-287;271;17;0;-86;0;20
330140;2015;1;19;0;1;117;102;0;46;0;286;0;-26;0;-2;-101;-183;0;-33;0;-345;1;-7;0;-1;16;-81;0;13;0;-59
330140;2014;0;83;0;5;132;177;0;36;0;433;0;-37;0;-1;-164;-154;0;-53;0;-409;0;46;0;4;-32;23;0;-17;0;24
330140;2013;0;42;0;2;167;142;0;34;0;387;0;-34;0;-22;-214;-124;0;-49;0;-443;0;8;0;-20;-47;18;0;-15;0;-56
330140;2012;0;40;0;17;210;85;0;26;0;378;0;-39;0;-15;-145;-88;0;-17;0;-304;0;1;0;2;65;-3;0;9;0;74
330140;2011;3;45;0;76;169;109;0;71;0;473;-1;-27;0;-31;-145;-81;0;-93;0;-378;2;18;0;45;24;28;0;-22;0;95
330140;2010;1;44;0;813;193;93;0;81;0;1225;0;-26;0;-1141;-148;-73;0;-95;0;-1483;1;18;0;-328;45;20;0;-14;0;-258
330140;2009;0;28;0;16;141;61;0;30;0;276;0;-27;0;-14;-119;-47;0;-39;0;-246;0;1;0;2;22;14;0;-9;0;30
330140;2008;0;22;0;11;125;63;0;17;0;238;0;-15;0;-2;-128;-69;0;-26;0;-240;0;7;0;9;-3;-6;0;-9;0;-2
330140;2007;0;21;1;7;198;58;0;42;0;327;0;-14;-2;-2;-119;-44;0;-53;0;-234;0;7;-1;5;79;14;0;-11;0;93
330140;2006;1;16;6;1;114;52;0;62;0;252;0;-13;0;-5;-81;-66;0;-77;0;-242;1;3;6;-4;33;-14;0;-15;0;10
330140;2005;1;16;0;0;109;46;0;58;0;230;0;-18;0;-1;-86;-55;0;-78;0;-238;1;-2;0;-1;23;-9;0;-20;0;-8
330140;2004;0;20;0;1;114;54;0;140;0;329;-1;-24;-1;-1;-68;-41;0;-116;0;-252;-1;-4;-1;0;46;13;0;24;0;77
330150;Total;2;7443;131;1278;5172;3565;44;445;0;18080;0;-7022;-135;-1254;-4857;-3261;-182;-424;0;-17135;2;421;-4;24;315;304;-138;21;0;945
330150;2015;0;356;6;40;335;284;0;36;0;1057;0;-435;-4;-58;-375;-309;0;-39;0;-1220;0;-79;2;-18;-40;-25;0;-3;0;-163
330150;2014;0;538;5;54;498;384;0;28;0;1507;0;-626;-4;-79;-503;-335;0;-18;0;-1565;0;-88;1;-25;-5;49;0;10;0;-58
330150;2013;0;715;6;47;520;384;0;21;0;1693;0;-664;-8;-78;-477;-340;0;-28;0;-1595;0;51;-2;-31;43;44;0;-7;0;98
330150;2012;0;558;10;77;466;323;0;20;0;1454;0;-604;-7;-53;-445;-260;0;-27;0;-1396;0;-46;3;24;21;63;0;-7;0;58
330150;2011;0;710;1;101;476;270;0;24;0;1582;0;-657;-1;-79;-412;-185;0;-30;0;-1364;0;53;0;22;64;85;0;-6;0;218
330150;2010;0;949;1;119;534;238;1;30;0;1872;0;-900;-4;-99;-505;-222;0;-39;0;-1769;0;49;-3;20;29;16;1;-9;0;103
330150;2009;0;889;20;48;495;208;0;40;0;1700;0;-780;-39;-83;-445;-254;0;-51;0;-1652;0;109;-19;-35;50;-46;0;-11;0;48
330150;2008;0;912;82;111;326;299;20;58;0;1808;0;-722;-67;-108;-342;-257;-171;-46;0;-1713;0;190;15;3;-16;42;-151;12;0;95
330150;2007;0;540;0;271;358;349;4;45;0;1567;0;-435;0;-396;-313;-314;-4;-33;0;-1495;0;105;0;-125;45;35;0;12;0;72
330150;2006;0;465;0;315;411;383;19;29;0;1622;0;-472;0;-130;-372;-343;-7;-37;0;-1361;0;-7;0;185;39;40;12;-8;0;261
330150;2005;0;401;0;61;436;247;0;72;0;1217;0;-311;0;-53;-338;-280;0;-46;0;-1028;0;90;0;8;98;-33;0;26;0;189
330150;2004;2;410;0;34;317;196;0;42;0;1001;0;-416;-1;-38;-330;-162;0;-30;0;-977;2;-6;-1;-4;-13;34;0;12;0;24
330160;Total;71;705;0;436;888;1331;1;1563;0;4995;-68;-609;0;-421;-759;-1244;-2;-1582;0;-4685;3;96;0;15;129;87;-1;-19;0;310
330160;2015;0;30;0;14;97;43;0;66;0;250;0;-68;0;-55;-98;-77;0;-63;0;-361;0;-38;0;-41;-1;-34;0;3;0;-111
330160;2014;0;63;0;50;188;67;0;86;0;454;-2;-62;0;-41;-155;-72;0;-135;0;-467;-2;1;0;9;33;-5;0;-49;0;-13
330160;2013;1;64;0;40;99;44;1;137;0;386;0;-36;0;-18;-73;-29;0;-125;0;-281;1;28;0;22;26;15;1;12;0;105
330160;2012;3;37;0;84;74;51;0;176;0;425;-3;-43;0;-79;-77;-42;0;-140;0;-384;0;-6;0;5;-3;9;0;36;0;41
330160;2011;1;60;0;66;86;66;0;95;0;374;-1;-57;0;-78;-60;-111;-1;-122;0;-430;0;3;0;-12;26;-45;-1;-27;0;-56
330160;2010;3;79;0;88;72;85;0;122;0;449;-2;-84;0;-63;-64;-88;0;-102;0;-403;1;-5;0;25;8;-3;0;20;0;46
330160;2009;4;52;0;12;50;42;0;54;0;214;-7;-44;0;-18;-64;-21;0;-92;0;-246;-3;8;0;-6;-14;21;0;-38;0;-32
330160;2008;13;109;0;7;51;160;0;125;0;465;-12;-47;0;-9;-47;-248;0;-131;0;-494;1;62;0;-2;4;-88;0;-6;0;-29
330160;2007;3;63;0;11;49;327;0;162;0;615;-4;-41;0;-7;-34;-284;0;-174;0;-544;-1;22;0;4;15;43;0;-12;0;71
330160;2006;10;31;0;6;41;315;0;106;0;509;-10;-31;0;-20;-28;-203;-1;-97;0;-390;0;0;0;-14;13;112;-1;9;0;119
330160;2005;11;41;0;41;43;46;0;156;0;338;-10;-48;0;-18;-30;-44;0;-135;0;-285;1;-7;0;23;13;2;0;21;0;53
330160;2004;22;76;0;17;38;85;0;278;0;516;-17;-48;0;-15;-29;-25;0;-266;0;-400;5;28;0;2;9;60;0;12;0;116
330170;Total;690;124666;3531;86864;225745;346183;4830;308;15;792832;-509;-114941;-3879;-89830;-209861;-312031;-11645;-248;-7;-742951;181;9725;-348;-2966;15884;34152;-6815;60;8;49881
330170;2015;61;9501;437;5608;21003;26543;3;2;0;63158;-78;-13901;-401;-6734;-21545;-28633;-2;-11;0;-71305;-17;-4400;36;-1126;-542;-2090;1;-9;0;-8147
330170;2014;64;16095;530;9521;22854;35064;2;60;0;84190;-54;-13838;-453;-9322;-22588;-32269;-91;-22;0;-78637;10;2257;77;199;266;2795;-89;38;0;5553
330170;2013;47;17277;835;7316;23232;36580;68;16;0;85371;-48;-13437;-362;-6285;-22941;-41012;-2634;-17;0;-86736;-1;3840;473;1031;291;-4432;-2566;-1;0;-1365
330170;2012;74;13993;263;6282;21303;37629;3821;12;0;83377;-65;-12557;-306;-5908;-20526;-36820;-7970;-20;0;-84172;9;1436;-43;374;777;809;-4149;-8;0;-795
330170;2011;84;10774;589;6728;23808;40508;161;18;0;82670;-70;-10282;-1265;-8238;-20613;-37876;-101;-15;0;-78460;14;492;-676;-1510;3195;2632;60;3;0;4210
330170;2010;44;11423;254;6430;20450;40335;125;7;0;79068;-28;-9293;-213;-9837;-18188;-30867;-126;-13;0;-68565;16;2130;41;-3407;2262;9468;-1;-6;0;10503
330170;2009;15;8190;178;7114;17225;32772;158;43;0;65695;-12;-8468;-137;-6754;-16961;-24753;-238;-40;0;-57363;3;-278;41;360;264;8019;-80;3;0;8332
330170;2008;46;9350;176;11263;17828;26231;218;24;0;65136;-30;-8409;-73;-9784;-15712;-20930;-324;-17;0;-55279;16;941;103;1479;2116;5301;-106;7;0;9857
330170;2007;35;7550;30;6190;14998;22089;193;54;0;51139;-13;-7255;-51;-5941;-13141;-15190;-111;-44;0;-41746;22;295;-21;249;1857;6899;82;10;0;9393
330170;2006;17;7374;40;7118;15024;15980;78;3;0;45634;-9;-6442;-61;-4824;-12861;-13879;-47;-6;0;-38129;8;932;-21;2294;2163;2101;31;-3;0;7505
330170;2005;97;6723;95;6797;14704;18110;2;26;8;46562;-50;-5652;-509;-7754;-13267;-17741;-1;-20;-4;-44998;47;1071;-414;-957;1437;369;1;6;4;1564
330170;2004;106;6416;104;6497;13316;14342;1;43;7;40832;-52;-5407;-48;-8449;-11518;-12061;0;-23;-3;-37561;54;1009;56;-1952;1798;2281;1;20;4;3271
330180;Total;1;1437;37;1;828;805;276;232;0;3617;-2;-1864;-40;-5;-782;-810;-239;-273;0;-4015;-1;-427;-3;-4;46;-5;37;-41;0;-398
330180;2015;0;103;18;0;84;62;21;13;0;301;0;-273;-26;0;-96;-82;-71;-19;0;-567;0;-170;-8;0;-12;-20;-50;-6;0;-266
330180;2014;0;155;16;0;97;61;49;7;0;385;0;-197;-11;0;-99;-57;-20;-15;0;-399;0;-42;5;0;-2;4;29;-8;0;-14
330180;2013;0;50;1;0;95;64;72;13;0;295;0;-124;0;0;-83;-63;-41;-16;0;-327;0;-74;1;0;12;1;31;-3;0;-32
330180;2012;0;141;0;0;79;63;50;21;0;354;0;-155;-1;0;-77;-58;-40;-19;0;-350;0;-14;-1;0;2;5;10;2;0;4
330180;2011;0;98;0;0;87;73;37;13;0;308;0;-153;-1;-1;-78;-55;-39;-16;0;-343;0;-55;-1;-1;9;18;-2;-3;0;-35
330180;2010;0;126;0;0;55;77;47;14;0;319;0;-162;0;0;-39;-72;-28;-22;0;-323;0;-36;0;0;16;5;19;-8;0;-4
330180;2009;0;149;0;0;63;77;0;20;0;309;0;-142;0;0;-54;-112;0;-13;0;-321;0;7;0;0;9;-35;0;7;0;-12
330180;2008;0;123;2;1;65;79;0;29;0;299;0;-240;-1;0;-55;-91;0;-50;0;-437;0;-117;1;1;10;-12;0;-21;0;-138
330180;2007;0;164;0;0;39;63;0;40;0;306;0;-143;0;0;-26;-59;0;-35;0;-263;0;21;0;0;13;4;0;5;0;43
330180;2006;0;117;0;0;53;96;0;24;0;290;0;-104;0;0;-81;-85;0;-26;0;-296;0;13;0;0;-28;11;0;-2;0;-6
330180;2005;1;131;0;0;70;66;0;19;0;287;-2;-70;0;0;-47;-58;0;-19;0;-196;-1;61;0;0;23;8;0;0;0;91
330180;2004;0;80;0;0;41;24;0;19;0;164;0;-101;0;-4;-47;-18;0;-23;0;-193;0;-21;0;-4;-6;6;0;-4;0;-29
330185;Total;34;2510;66;1138;6748;4951;5;422;0;15874;-20;-2655;-57;-1016;-6388;-4317;-7;-537;0;-14997;14;-145;9;122;360;634;-2;-115;0;877
330185;2015;1;183;9;116;655;435;0;12;0;1411;0;-233;-10;-108;-664;-456;0;-18;0;-1489;1;-50;-1;8;-9;-21;0;-6;0;-78
330185;2014;5;353;13;142;680;668;0;16;0;1877;-6;-414;-8;-118;-673;-659;0;-16;0;-1894;-1;-61;5;24;7;9;0;0;0;-17
330185;2013;10;212;4;109;790;674;0;30;0;1829;-5;-254;-7;-107;-771;-544;0;-28;0;-1716;5;-42;-3;2;19;130;0;2;0;113
330185;2012;4;191;7;65;817;557;0;20;0;1661;-2;-199;-2;-39;-709;-345;0;-27;0;-1323;2;-8;5;26;108;212;0;-7;0;338
330185;2011;0;244;1;12;748;420;2;34;0;1461;0;-237;0;-19;-621;-384;-6;-48;0;-1315;0;7;1;-7;127;36;-4;-14;0;146
330185;2010;2;229;0;58;475;376;3;31;0;1174;0;-211;-1;-61;-472;-356;-1;-36;0;-1138;2;18;-1;-3;3;20;2;-5;0;36
330185;2009;4;158;6;136;429;330;0;34;0;1097;0;-177;-1;-127;-510;-320;0;-33;0;-1168;4;-19;5;9;-81;10;0;1;0;-71
330185;2008;2;153;0;106;591;333;0;35;0;1220;-2;-179;-2;-42;-532;-331;0;-84;0;-1172;0;-26;-2;64;59;2;0;-49;0;48
330185;2007;0;198;8;57;438;299;0;45;0;1045;0;-186;-5;-34;-449;-279;0;-77;0;-1030;0;12;3;23;-11;20;0;-32;0;15
330185;2006;0;177;1;109;377;346;0;50;0;1060;-1;-204;-2;-88;-398;-272;0;-75;0;-1040;-1;-27;-1;21;-21;74;0;-25;0;20
330185;2005;5;230;8;85;417;294;0;71;0;1110;-4;-226;-8;-82;-334;-184;0;-60;0;-898;1;4;0;3;83;110;0;11;0;212
330185;2004;1;182;9;143;331;219;0;44;0;929;0;-135;-11;-191;-255;-187;0;-35;0;-814;1;47;-2;-48;76;32;0;9;0;115
330187;Total;0;109;9;151;2774;1241;19;20;0;4323;0;-83;-10;-288;-2509;-1127;-16;-18;0;-4051;0;26;-1;-137;265;114;3;2;0;272
330187;2015;0;6;0;36;259;150;1;1;0;453;0;-4;0;-97;-281;-123;0;0;0;-505;0;2;0;-61;-22;27;1;1;0;-52
330187;2014;0;13;0;14;296;126;1;2;0;452;0;-18;0;-62;-305;-127;-3;-3;0;-518;0;-5;0;-48;-9;-1;-2;-1;0;-66
330187;2013;0;20;0;3;333;166;3;4;0;529;0;-22;0;-9;-294;-151;-2;-4;0;-482;0;-2;0;-6;39;15;1;0;0;47
330187;2012;0;16;0;15;266;119;0;4;0;420;0;-15;0;-13;-265;-92;-1;-3;0;-389;0;1;0;2;1;27;-1;1;0;31
330187;2011;0;15;0;24;256;87;3;5;0;390;0;-5;0;-22;-296;-100;-1;-3;0;-427;0;10;0;2;-40;-13;2;2;0;-37
330187;2010;0;13;0;32;261;132;3;4;0;445;0;-3;0;-53;-217;-122;-1;0;0;-396;0;10;0;-21;44;10;2;4;0;49
330187;2009;0;11;1;5;226;105;3;0;0;351;0;-4;0;-5;-186;-102;-2;0;0;-299;0;7;1;0;40;3;1;0;0;52
330187;2008;0;3;2;0;191;46;4;0;0;246;0;-4;-5;-8;-194;-64;-3;0;0;-278;0;-1;-3;-8;-3;-18;1;0;0;-32
330187;2007;0;2;0;16;204;52;0;0;0;274;0;0;-3;-13;-128;-51;-1;0;0;-196;0;2;-3;3;76;1;-1;0;0;78
330187;2006;0;4;2;3;156;97;0;0;0;262;0;-2;-1;0;-143;-75;0;-2;0;-223;0;2;1;3;13;22;0;-2;0;39
330187;2005;0;2;0;1;214;101;0;0;0;318;0;-4;-1;-2;-116;-80;0;-1;0;-204;0;-2;-1;-1;98;21;0;-1;0;114
330187;2004;0;4;4;2;112;60;1;0;0;183;0;-2;0;-4;-84;-40;-2;-2;0;-134;0;2;4;-2;28;20;-1;-2;0;49
330190;Total;231;23998;1414;66488;38387;46166;55;670;0;177409;-228;-24038;-1125;-68502;-35769;-40500;-31;-735;0;-170928;3;-40;289;-2014;2618;5666;24;-65;0;6481
330190;2015;21;1630;62;5347;4063;5344;0;33;0;16500;-29;-2063;-65;-17198;-4419;-5871;0;-40;0;-29685;-8;-433;-3;-11851;-356;-527;0;-7;0;-13185
330190;2014;13;2279;38;12695;4451;7431;0;47;0;26954;-17;-3390;-22;-12886;-4061;-8100;0;-48;0;-28524;-4;-1111;16;-191;390;-669;0;-1;0;-1570
330190;2013;22;3347;26;15597;4083;8024;0;46;0;31145;-34;-3078;-21;-16593;-3904;-5990;0;-52;0;-29672;-12;269;5;-996;179;2034;0;-6;0;1473
330190;2012;34;2745;56;13285;3607;5949;0;33;0;25709;-20;-2632;-56;-8124;-3437;-4903;0;-37;0;-19209;14;113;0;5161;170;1046;0;-4;0;6500
330190;2011;15;2516;383;6343;4027;4765;0;39;0;18088;-10;-2178;-362;-2130;-3600;-3703;0;-50;0;-12033;5;338;21;4213;427;1062;0;-11;0;6055
330190;2010;22;2130;286;3404;3495;3569;0;42;0;12948;-27;-2074;-178;-4480;-3163;-2609;0;-50;0;-12581;-5;56;108;-1076;332;960;0;-8;0;367
330190;2009;24;2098;99;3413;3098;2484;0;34;0;11250;-22;-1888;-47;-2306;-2904;-2055;-3;-45;0;-9270;2;210;52;1107;194;429;-3;-11;0;1980
330190;2008;26;1486;75;2985;2686;1797;3;49;0;9107;-24;-1736;-69;-1098;-2360;-1616;-1;-65;0;-6969;2;-250;6;1887;326;181;2;-16;0;2138
330190;2007;16;1919;117;503;2429;1857;3;73;0;6917;-21;-1562;-118;-390;-2180;-1413;0;-120;0;-5804;-5;357;-1;113;249;444;3;-47;0;1113
330190;2006;15;1339;56;498;2256;1906;1;60;0;6131;-6;-1304;-60;-833;-2129;-1448;-1;-40;0;-5821;9;35;-4;-335;127;458;0;20;0;310
330190;2005;13;1336;178;1363;2185;1730;6;94;0;6905;-7;-1243;-97;-813;-1860;-1310;-4;-103;0;-5437;6;93;81;550;325;420;2;-9;0;1468
330190;2004;10;1173;38;1055;2007;1310;42;120;0;5755;-11;-890;-30;-1651;-1752;-1482;-22;-85;0;-5923;-1;283;8;-596;255;-172;20;35;0;-168
330200;Total;1346;12390;180;39293;30788;56765;0;492;0;141254;-1292;-11937;-142;-37017;-28764;-48407;-4;-483;0;-128046;54;453;38;2276;2024;8358;-4;9;0;13208
330200;2015;51;1099;12;2111;2892;3218;0;22;0;9405;-74;-1438;-15;-5335;-3206;-3586;0;-22;0;-13676;-23;-339;-3;-3224;-314;-368;0;0;0;-4271
330200;2014;71;2615;14;7391;3718;3601;0;20;0;17430;-75;-2343;-37;-7133;-3457;-3453;0;-20;0;-16518;-4;272;-23;258;261;148;0;0;0;912
330200;2013;97;1747;97;5470;3684;3894;0;116;0;15105;-186;-1910;-67;-7228;-3679;-3532;0;-127;0;-16729;-89;-163;30;-1758;5;362;0;-11;0;-1624
330200;2012;157;1745;39;8243;3530;3943;0;85;0;17742;-174;-1121;-3;-8044;-3316;-3874;0;-70;0;-16602;-17;624;36;199;214;69;0;15;0;1140
330200;2011;218;1186;1;8377;3384;7245;0;31;0;20442;-207;-887;-1;-3843;-3170;-5946;0;-51;0;-14105;11;299;0;4534;214;1299;0;-20;0;6337
330200;2010;110;857;0;3217;3167;7380;0;57;0;14788;-105;-1158;-3;-1727;-2572;-5459;-1;-43;0;-11068;5;-301;-3;1490;595;1921;-1;14;0;3720
330200;2009;108;773;1;963;2236;5355;0;32;0;9468;-91;-1071;-3;-1005;-1965;-5508;0;-40;0;-9683;17;-298;-2;-42;271;-153;0;-8;0;-215
330200;2008;203;1029;5;1098;2316;5577;0;33;0;10261;-169;-686;-4;-1165;-2114;-4209;0;-27;0;-8374;34;343;1;-67;202;1368;0;6;0;1887
330200;2007;131;373;1;949;1712;4303;0;46;0;7515;-70;-404;-5;-539;-1410;-3923;0;-35;0;-6386;61;-31;-4;410;302;380;0;11;0;1129
330200;2006;64;284;0;763;1446;4904;0;13;0;7474;-53;-293;0;-449;-1384;-3382;-1;-10;0;-5572;11;-9;0;314;62;1522;-1;3;0;1902
330200;2005;55;413;5;383;1431;3843;0;13;0;6143;-39;-349;-2;-261;-1300;-2698;0;-17;0;-4666;16;64;3;122;131;1145;0;-4;0;1477
330200;2004;81;269;5;328;1272;3502;0;24;0;5481;-49;-277;-2;-288;-1191;-2837;-2;-21;0;-4667;32;-8;3;40;81;665;-2;3;0;814
330205;Total;93;943;0;175;1088;570;0;244;0;3113;-143;-826;-1;-188;-935;-446;0;-248;0;-2787;-50;117;-1;-13;153;124;0;-4;0;326
330205;2015;6;84;0;0;110;30;0;11;0;241;-19;-76;0;-2;-112;-38;0;-7;0;-254;-13;8;0;-2;-2;-8;0;4;0;-13
330205;2014;6;86;0;3;164;44;0;4;0;307;-3;-65;0;-3;-123;-35;0;-20;0;-249;3;21;0;0;41;9;0;-16;0;58
330205;2013;6;95;0;11;107;50;0;17;0;286;-7;-85;0;-36;-94;-40;0;-14;0;-276;-1;10;0;-25;13;10;0;3;0;10
330205;2012;7;75;0;25;87;85;0;15;0;294;-8;-80;0;-69;-81;-57;0;-21;0;-316;-1;-5;0;-44;6;28;0;-6;0;-22
330205;2011;6;77;0;123;106;60;0;19;0;391;-5;-71;0;-63;-97;-30;0;-21;0;-287;1;6;0;60;9;30;0;-2;0;104
330205;2010;15;110;0;0;130;30;0;32;0;317;-23;-78;0;-5;-94;-27;0;-18;0;-245;-8;32;0;-5;36;3;0;14;0;72
330205;2009;6;91;0;1;75;29;0;25;0;227;-31;-87;0;0;-68;-19;0;-24;0;-229;-25;4;0;1;7;10;0;1;0;-2
330205;2008;5;79;0;0;66;38;0;22;0;210;-5;-81;0;-8;-70;-24;0;-18;0;-206;0;-2;0;-8;-4;14;0;4;0;4
330205;2007;9;78;0;3;55;20;0;13;0;178;-10;-101;0;0;-56;-18;0;-19;0;-204;-1;-23;0;3;-1;2;0;-6;0;-26
330205;2006;6;66;0;8;58;20;0;27;0;185;-6;-46;0;-1;-52;-110;0;-27;0;-242;0;20;0;7;6;-90;0;0;0;-57
330205;2005;4;52;0;0;66;123;0;29;0;274;-16;-32;-1;-1;-53;-34;0;-27;0;-164;-12;20;-1;-1;13;89;0;2;0;110
330205;2004;17;50;0;1;64;41;0;30;0;203;-10;-24;0;0;-35;-14;0;-32;0;-115;7;26;0;1;29;27;0;-2;0;88
330210;Total;4;915;14;279;3650;2481;2778;381;0;10502;-1;-755;-15;-269;-3157;-2019;-2837;-400;0;-9453;3;160;-1;10;493;462;-59;-19;0;1049
330210;2015;0;69;7;59;325;357;196;22;0;1035;0;-119;-1;-76;-337;-291;-625;-20;0;-1469;0;-50;6;-17;-12;66;-429;2;0;-434
330210;2014;0;147;1;54;492;345;197;16;0;1252;0;-110;-10;-52;-398;-290;-83;-28;0;-971;0;37;-9;2;94;55;114;-12;0;281
330210;2013;0;97;4;15;402;359;1145;30;0;2052;0;-119;-2;-27;-353;-319;-754;-26;0;-1600;0;-22;2;-12;49;40;391;4;0;452
330210;2012;0;102;0;37;396;273;169;19;0;996;0;-92;0;-31;-347;-219;-542;-37;0;-1268;0;10;0;6;49;54;-373;-18;0;-272
330210;2011;0;130;0;35;336;269;93;33;0;896;0;-74;0;-24;-306;-201;-82;-33;0;-720;0;56;0;11;30;68;11;0;0;176
330210;2010;0;99;0;21;372;176;219;32;0;919;0;-51;-2;-27;-285;-141;-244;-32;0;-782;0;48;-2;-6;87;35;-25;0;0;137
330210;2009;4;63;2;28;253;153;350;39;0;892;-1;-39;0;-8;-242;-108;-88;-40;0;-526;3;24;2;20;11;45;262;-1;0;366
330210;2008;0;43;0;5;220;114;50;50;0;482;0;-26;0;-11;-231;-97;-212;-45;0;-622;0;17;0;-6;-11;17;-162;5;0;-140
330210;2007;0;54;0;9;209;97;61;26;0;456;0;-33;0;-3;-136;-80;-31;-34;0;-317;0;21;0;6;73;17;30;-8;0;139
330210;2006;0;43;0;8;189;115;66;35;0;456;0;-30;0;-1;-172;-81;-101;-45;0;-430;0;13;0;7;17;34;-35;-10;0;26
330210;2005;0;24;0;4;231;121;171;37;0;588;0;-29;0;-5;-175;-81;-45;-24;0;-359;0;-5;0;-1;56;40;126;13;0;229
330210;2004;0;44;0;4;225;102;61;42;0;478;0;-33;0;-4;-175;-111;-30;-36;0;-389;0;11;0;0;50;-9;31;6;0;89
330220;Total;157;15027;1318;5284;26564;20548;31;2240;0;71169;-138;-13440;-1393;-5015;-24794;-18317;-25;-2246;0;-65368;19;1587;-75;269;1770;2231;6;-6;0;5801
330220;2015;15;1235;36;396;2338;1976;0;163;0;6159;-24;-1617;-116;-521;-2608;-1969;0;-190;0;-7045;-9;-382;-80;-125;-270;7;0;-27;0;-886
330220;2014;15;1897;31;333;2921;2173;0;231;0;7601;-19;-1840;-82;-384;-2979;-2037;0;-188;0;-7529;-4;57;-51;-51;-58;136;0;43;0;72
330220;2013;17;2109;139;470;2922;2336;0;169;0;8162;-16;-1824;-89;-389;-2707;-2008;0;-202;0;-7235;1;285;50;81;215;328;0;-33;0;927
330220;2012;27;1760;122;484;2728;2164;0;207;0;7492;-14;-1508;-138;-521;-2796;-1875;0;-211;0;-7063;13;252;-16;-37;-68;289;0;-4;0;429
330220;2011;21;1319;108;656;2564;2000;0;185;0;6853;-17;-1150;-85;-666;-2347;-1782;0;-196;0;-6243;4;169;23;-10;217;218;0;-11;0;610
330220;2010;19;1352;58;892;2529;1842;0;174;0;6866;-6;-1134;-92;-868;-2157;-1464;0;-185;0;-5906;13;218;-34;24;372;378;0;-11;0;960
330220;2009;9;1166;189;424;2003;1856;25;165;0;5837;-6;-1054;-75;-312;-1794;-1489;-3;-190;0;-4923;3;112;114;112;209;367;22;-25;0;914
330220;2008;11;1025;126;377;1763;1324;0;209;0;4835;-2;-906;-127;-293;-1660;-1453;-16;-201;0;-4658;9;119;-1;84;103;-129;-16;8;0;177
330220;2007;5;1082;94;490;1810;1237;0;155;0;4873;-13;-818;-104;-342;-1763;-1072;-1;-175;0;-4288;-8;264;-10;148;47;165;-1;-20;0;585
330220;2006;6;772;108;325;1794;1218;2;162;0;4387;-8;-666;-103;-211;-1519;-1127;-2;-165;0;-3801;-2;106;5;114;275;91;0;-3;0;586
330220;2005;7;645;158;281;1835;1214;1;199;0;4340;-10;-524;-143;-282;-1402;-1039;-1;-182;0;-3583;-3;121;15;-1;433;175;0;17;0;757
330220;2004;5;665;149;156;1357;1208;3;221;0;3764;-3;-399;-239;-226;-1062;-1002;-2;-161;0;-3094;2;266;-90;-70;295;206;1;60;0;670
330225;Total;0;3843;24;1584;3865;10524;0;59;0;19899;0;-3796;-23;-1416;-3443;-9780;-2;-71;0;-18531;0;47;1;168;422;744;-2;-12;0;1368
330225;2015;0;298;1;6;577;892;0;5;0;1779;0;-411;0;-27;-389;-1053;0;-8;0;-1888;0;-113;1;-21;188;-161;0;-3;0;-109
330225;2014;0;359;0;41;416;1193;0;4;0;2013;0;-347;-1;-103;-402;-1042;0;-8;0;-1903;0;12;-1;-62;14;151;0;-4;0;110
330225;2013;0;519;0;146;517;1438;0;1;0;2621;0;-254;-6;-93;-433;-1354;0;-2;0;-2142;0;265;-6;53;84;84;0;-1;0;479
330225;2012;0;564;0;37;372;1354;0;5;0;2332;0;-391;-7;-49;-328;-1372;0;-5;0;-2152;0;173;-7;-12;44;-18;0;0;0;180
330225;2011;0;528;3;676;337;1169;0;1;0;2714;0;-438;-2;-720;-300;-1029;0;-4;0;-2493;0;90;1;-44;37;140;0;-3;0;221
330225;2010;0;315;3;433;327;908;0;6;0;1992;0;-226;-2;-113;-313;-805;0;-4;0;-1463;0;89;1;320;14;103;0;2;0;529
330225;2009;0;151;2;40;236;633;0;5;0;1067;0;-264;-2;-60;-249;-662;0;-5;0;-1242;0;-113;0;-20;-13;-29;0;0;0;-175
330225;2008;0;230;2;53;289;754;0;4;0;1332;0;-248;-2;-75;-281;-666;0;-6;0;-1278;0;-18;0;-22;8;88;0;-2;0;54
330225;2007;0;193;0;76;243;619;0;9;0;1140;0;-126;0;-31;-225;-520;0;-6;0;-908;0;67;0;45;18;99;0;3;0;232
330225;2006;0;248;0;17;215;709;0;3;0;1192;0;-635;0;-80;-165;-446;0;-7;0;-1333;0;-387;0;-63;50;263;0;-4;0;-141
330225;2005;0;185;5;27;197;460;0;11;0;885;0;-254;-1;-36;-174;-445;-2;-7;0;-919;0;-69;4;-9;23;15;-2;4;0;-34
330225;2004;0;253;8;32;139;395;0;5;0;832;0;-202;0;-29;-184;-386;0;-9;0;-810;0;51;8;3;-45;9;0;-4;0;22
330227;Total;130;3780;722;2095;5309;2069;6;10;0;14121;-112;-3240;-597;-1993;-4605;-1643;-1;-11;0;-12202;18;540;125;102;704;426;5;-1;0;1919
330227;2015;13;475;167;219;657;230;1;0;0;1762;-15;-556;-168;-293;-647;-216;0;-2;0;-1897;-2;-81;-1;-74;10;14;1;-2;0;-135
330227;2014;21;635;220;180;749;276;0;0;0;2081;-18;-600;-222;-140;-682;-270;0;0;0;-1932;3;35;-2;40;67;6;0;0;0;149
330227;2013;15;558;253;161;730;286;5;2;0;2010;-10;-486;-110;-151;-590;-221;-1;-1;0;-1570;5;72;143;10;140;65;4;1;0;440
330227;2012;21;392;55;162;598;263;0;2;0;1493;-24;-349;-76;-99;-510;-174;0;-4;0;-1236;-3;43;-21;63;88;89;0;-2;0;257
330227;2011;17;282;27;87;619;192;0;3;0;1227;-10;-259;-21;-157;-524;-181;0;-1;0;-1153;7;23;6;-70;95;11;0;2;0;74
330227;2010;3;275;0;266;567;198;0;0;0;1309;-6;-216;0;-134;-472;-131;0;0;0;-959;-3;59;0;132;95;67;0;0;0;350
330227;2009;14;147;0;17;408;100;0;0;0;686;-4;-142;0;-23;-352;-120;0;-1;0;-642;10;5;0;-6;56;-20;0;-1;0;44
330227;2008;3;251;0;66;348;132;0;0;0;800;-4;-162;0;-47;-253;-67;0;0;0;-533;-1;89;0;19;95;65;0;0;0;267
330227;2007;2;243;0;12;244;83;0;0;0;584;-9;-182;0;-19;-289;-81;0;0;0;-580;-7;61;0;-7;-45;2;0;0;0;4
330227;2006;3;146;0;375;238;98;0;0;0;860;-3;-135;0;-545;-160;-70;0;0;0;-913;0;11;0;-170;78;28;0;0;0;-53
330227;2005;8;321;0;363;89;148;0;1;0;930;-3;-131;0;-245;-61;-56;0;0;0;-496;5;190;0;118;28;92;0;1;0;434
330227;2004;10;55;0;187;62;63;0;2;0;379;-6;-22;0;-140;-65;-56;0;-2;0;-291;4;33;0;47;-3;7;0;0;0;88
330230;Total;6;352;0;71;263;187;0;293;0;1172;-13;-358;0;-55;-253;-150;-7;-276;0;-1112;-7;-6;0;16;10;37;-7;17;0;60
330230;2015;0;17;0;3;13;22;0;22;0;77;-2;-54;0;0;-16;-13;0;-28;0;-113;-2;-37;0;3;-3;9;0;-6;0;-36
330230;2014;0;72;0;5;23;8;0;29;0;137;-2;-63;0;-5;-32;-7;0;-19;0;-128;-2;9;0;0;-9;1;0;10;0;9
330230;2013;2;32;0;8;44;6;0;16;0;108;-2;-28;0;-11;-41;-15;-1;-16;0;-114;0;4;0;-3;3;-9;-1;0;0;-6
330230;2012;1;31;0;6;22;7;0;22;0;89;-1;-34;0;-9;-19;-8;0;-21;0;-92;0;-3;0;-3;3;-1;0;1;0;-3
330230;2011;3;24;0;24;26;31;0;25;0;133;-6;-24;0;-6;-31;-29;-6;-24;0;-126;-3;0;0;18;-5;2;-6;1;0;7
330230;2010;0;43;0;0;34;23;0;21;0;121;0;-45;0;-2;-15;-27;0;-31;0;-120;0;-2;0;-2;19;-4;0;-10;0;1
330230;2009;0;26;0;18;20;21;0;24;0;109;0;-22;0;-19;-14;-6;0;-28;0;-89;0;4;0;-1;6;15;0;-4;0;20
330230;2008;0;18;0;6;21;4;0;26;0;75;0;-23;0;-2;-20;-3;0;-20;0;-68;0;-5;0;4;1;1;0;6;0;7
330230;2007;0;28;0;0;16;6;0;29;0;79;0;-17;0;0;-21;-5;0;-28;0;-71;0;11;0;0;-5;1;0;1;0;8
330230;2006;0;19;0;0;17;32;0;16;0;84;0;-20;0;-1;-25;-30;0;-19;0;-95;0;-1;0;-1;-8;2;0;-3;0;-11
330230;2005;0;17;0;0;12;23;0;33;0;85;0;-21;0;0;-9;-5;0;-26;0;-61;0;-4;0;0;3;18;0;7;0;24
330230;2004;0;25;0;1;15;4;0;30;0;75;0;-7;0;0;-10;-2;0;-16;0;-35;0;18;0;1;5;2;0;14;0;40
330240;Total;13075;65244;2316;82935;96160;280721;522;1435;0;542408;-9127;-60898;-1873;-71697;-90466;-255292;-257;-1381;0;-490991;3948;4346;443;11238;5694;25429;265;54;0;51417
330240;2015;133;4871;144;5720;7310;21842;0;101;0;40121;-575;-6251;-209;-7136;-8125;-29054;-2;-118;0;-51470;-442;-1380;-65;-1416;-815;-7212;-2;-17;0;-11349
330240;2014;325;6687;281;11881;9477;28914;5;174;0;57744;-958;-6525;-177;-12076;-9259;-28745;-3;-166;0;-57909;-633;162;104;-195;218;169;2;8;0;-165
330240;2013;531;6278;306;12142;10046;29414;1;154;0;58872;-952;-8326;-233;-5916;-10388;-28954;0;-138;0;-54907;-421;-2048;73;6226;-342;460;1;16;0;3965
330240;2012;915;7423;248;6191;9735;30547;0;150;0;55209;-543;-7096;-293;-3429;-9500;-29077;-1;-128;0;-50067;372;327;-45;2762;235;1470;-1;22;0;5142
330240;2011;1291;6862;248;7369;9759;32232;0;121;0;57882;-748;-5313;-186;-5655;-9140;-25201;0;-132;0;-46375;543;1549;62;1714;619;7031;0;-11;0;11507
330240;2010;1786;6764;93;4664;9269;28328;1;104;0;51009;-1470;-5976;-83;-5287;-8366;-21926;0;-94;0;-43202;316;788;10;-623;903;6402;1;10;0;7807
330240;2009;889;4436;74;6095;8540;23484;1;123;0;43642;-480;-4399;-52;-9341;-7996;-21340;-1;-120;0;-43729;409;37;22;-3246;544;2144;0;3;0;-87
330240;2008;1511;5431;41;9664;8350;22608;7;106;0;47718;-559;-4389;-32;-5710;-7102;-19813;-10;-90;0;-37705;952;1042;9;3954;1248;2795;-3;16;0;10013
330240;2007;611;4768;84;4722;6521;21517;165;95;0;38483;-289;-3681;-112;-5248;-5771;-16501;-14;-71;0;-31687;322;1087;-28;-526;750;5016;151;24;0;6796
330240;2006;917;4370;482;5175;5697;17245;109;76;0;34071;-350;-3434;-201;-3547;-5102;-13526;-44;-81;0;-26285;567;936;281;1628;595;3719;65;-5;0;7786
330240;2005;1857;3644;142;4422;5940;12912;23;103;0;29043;-1048;-2795;-164;-3997;-4979;-11618;-28;-118;0;-24747;809;849;-22;425;961;1294;-5;-15;0;4296
330240;2004;2309;3710;173;4890;5516;11678;210;128;0;28614;-1155;-2713;-131;-4355;-4738;-9537;-154;-125;0;-22908;1154;997;42;535;778;2141;56;3;0;5706
330245;Total;0;918;0;194;962;1019;0;113;0;3206;0;-747;0;-136;-837;-964;0;-127;0;-2811;0;171;0;58;125;55;0;-14;0;395
330245;2015;0;95;0;5;79;51;0;3;0;233;0;-92;0;-7;-79;-46;0;-4;0;-228;0;3;0;-2;0;5;0;-1;0;5
330245;2014;0;133;0;5;120;70;0;7;0;335;0;-128;0;0;-90;-83;0;-9;0;-310;0;5;0;5;30;-13;0;-2;0;25
330245;2013;0;127;0;20;100;69;0;10;0;326;0;-68;0;-25;-79;-51;0;-15;0;-238;0;59;0;-5;21;18;0;-5;0;88
330245;2012;0;94;0;21;92;173;0;10;0;390;0;-73;0;-17;-80;-240;0;-8;0;-418;0;21;0;4;12;-67;0;2;0;-28
330245;2011;0;89;0;43;91;131;0;9;0;363;0;-81;0;-62;-72;-132;0;-8;0;-355;0;8;0;-19;19;-1;0;1;0;8
330245;2010;0;128;0;80;91;294;0;13;0;606;0;-92;0;-8;-92;-274;0;-12;0;-478;0;36;0;72;-1;20;0;1;0;128
330245;2009;0;79;0;1;92;156;0;7;0;335;0;-78;0;-2;-64;-79;0;-10;0;-233;0;1;0;-1;28;77;0;-3;0;102
330245;2008;0;56;0;0;60;26;0;14;0;156;0;-53;0;-2;-49;-13;0;-16;0;-133;0;3;0;-2;11;13;0;-2;0;23
330245;2007;0;14;0;3;47;8;0;8;0;80;0;-7;0;-1;-48;-11;0;-14;0;-81;0;7;0;2;-1;-3;0;-6;0;-1
330245;2006;0;8;0;8;48;13;0;13;0;90;0;-26;0;-3;-32;-13;0;-7;0;-81;0;-18;0;5;16;0;0;6;0;9
330245;2005;0;10;0;2;75;18;0;12;0;117;0;-28;0;-1;-81;-14;0;-12;0;-136;0;-18;0;1;-6;4;0;0;0;-19
330245;2004;0;85;0;6;67;10;0;7;0;175;0;-21;0;-8;-71;-8;0;-12;0;-120;0;64;0;-2;-4;2;0;-5;0;55
330250;Total;451;9716;744;7966;33992;19431;97;329;0;72726;-369;-8670;-675;-7372;-31674;-16708;-90;-331;0;-65889;82;1046;69;594;2318;2723;7;-2;0;6837
330250;2015;82;453;57;709;3023;2133;0;41;0;6498;-65;-674;-69;-788;-3216;-1970;0;-25;0;-6807;17;-221;-12;-79;-193;163;0;16;0;-309
330250;2014;81;706;72;879;3442;2181;0;21;0;7382;-49;-722;-166;-880;-3466;-1828;0;-31;0;-7142;32;-16;-94;-1;-24;353;0;-10;0;240
330250;2013;34;858;120;863;4071;2260;0;14;0;8220;-38;-807;-93;-746;-3834;-2066;0;-9;0;-7593;-4;51;27;117;237;194;0;5;0;627
330250;2012;30;807;123;867;3944;1965;0;11;0;7747;-29;-790;-64;-801;-3729;-1514;0;-22;0;-6949;1;17;59;66;215;451;0;-11;0;798
330250;2011;50;876;101;531;3738;1725;0;21;0;7042;-38;-881;-56;-551;-3414;-1346;0;-38;0;-6324;12;-5;45;-20;324;379;0;-17;0;718
330250;2010;49;920;39;566;3046;1681;0;28;0;6329;-36;-832;-63;-1464;-2693;-1173;0;-17;0;-6278;13;88;-24;-898;353;508;0;11;0;51
330250;2009;42;854;71;1744;2557;1227;0;17;0;6512;-28;-772;-52;-524;-2666;-1063;0;-28;0;-5133;14;82;19;1220;-109;164;0;-11;0;1379
330250;2008;41;920;63;536;2180;973;0;29;0;4742;-28;-634;-66;-273;-2052;-902;0;-34;0;-3989;13;286;-3;263;128;71;0;-5;0;753
330250;2007;11;927;0;396;2076;984;57;48;0;4499;-4;-648;-2;-432;-1703;-1085;-54;-36;0;-3964;7;279;-2;-36;373;-101;3;12;0;535
330250;2006;9;977;10;244;2193;1351;36;20;0;4840;-8;-843;-18;-227;-1910;-1063;-36;-26;0;-4131;1;134;-8;17;283;288;0;-6;0;709
330250;2005;10;994;79;280;2214;1487;2;46;0;5112;-35;-655;-17;-266;-1544;-1183;0;-31;0;-3731;-25;339;62;14;670;304;2;15;0;1381
330250;2004;12;424;9;351;1508;1464;2;33;0;3803;-11;-412;-9;-420;-1447;-1515;0;-34;0;-3848;1;12;0;-69;61;-51;2;-1;0;-45
330260;Total;262;302;0;1799;4028;40188;19;588;0;47186;-189;-288;0;-1674;-3722;-28408;-12;-566;0;-34859;73;14;0;125;306;11780;7;22;0;12327
330260;2015;0;42;0;133;478;1465;2;32;0;2152;0;-30;0;-161;-478;-1492;0;-46;0;-2207;0;12;0;-28;0;-27;2;-14;0;-55
330260;2014;4;43;0;154;521;1728;3;57;0;2510;-8;-54;0;-111;-516;-1546;-3;-50;0;-2288;-4;-11;0;43;5;182;0;7;0;222
330260;2013;3;20;0;89;505;1490;1;23;0;2131;-1;-23;0;-97;-445;-1771;-2;-13;0;-2352;2;-3;0;-8;60;-281;-1;10;0;-221
330260;2012;0;26;0;431;461;2017;4;11;0;2950;0;-20;0;-326;-447;-1856;-1;-10;0;-2660;0;6;0;105;14;161;3;1;0;290
330260;2011;0;44;0;218;400;1662;0;9;0;2333;0;-36;0;-163;-348;-1465;-1;-29;0;-2042;0;8;0;55;52;197;-1;-20;0;291
330260;2010;0;58;0;58;292;1504;1;34;0;1947;0;-63;0;-69;-302;-1998;-1;-32;0;-2465;0;-5;0;-11;-10;-494;0;2;0;-518
330260;2009;0;31;0;100;244;2179;1;40;0;2595;0;-18;0;-74;-234;-5811;-2;-54;0;-6193;0;13;0;26;10;-3632;-1;-14;0;-3598
330260;2008;0;10;0;102;268;3605;3;42;0;4030;0;-13;0;-151;-248;-3001;-1;-50;0;-3464;0;-3;0;-49;20;604;2;-8;0;566
330260;2007;37;10;0;286;247;8972;0;31;0;9583;-47;-15;0;-210;-190;-3506;0;-114;0;-4082;-10;-5;0;76;57;5466;0;-83;0;5501
330260;2006;65;11;0;125;211;5481;0;113;0;6006;-39;-9;0;-112;-198;-2560;0;-80;0;-2998;26;2;0;13;13;2921;0;33;0;3008
330260;2005;115;0;0;59;197;7495;0;131;0;7997;-62;-5;0;-146;-155;-2133;0;-71;0;-2572;53;-5;0;-87;42;5362;0;60;0;5425
330260;2004;38;7;0;44;204;2590;4;65;0;2952;-32;-2;0;-54;-161;-1269;-1;-17;0;-1536;6;5;0;-10;43;1321;3;48;0;1416
330270;Total;165;4787;2;1360;23504;12706;5;275;0;42804;-173;-4628;-1;-1270;-21781;-10952;-18;-297;0;-39120;-8;159;1;90;1723;1754;-13;-22;0;3684
330270;2015;14;515;1;245;2836;1687;0;9;0;5307;-38;-585;-1;-192;-3104;-1662;0;-12;0;-5594;-24;-70;0;53;-268;25;0;-3;0;-287
330270;2014;28;569;0;137;3228;1592;0;14;0;5568;-30;-496;0;-152;-3037;-1399;0;-13;0;-5127;-2;73;0;-15;191;193;0;1;0;441
330270;2013;15;356;0;201;2644;1310;1;20;0;4547;-13;-437;0;-257;-2499;-1131;-14;-22;0;-4373;2;-81;0;-56;145;179;-13;-2;0;174
330270;2012;25;545;0;117;2668;1371;0;13;0;4739;-20;-487;0;-160;-2506;-1181;0;-15;0;-4369;5;58;0;-43;162;190;0;-2;0;370
330270;2011;14;515;0;245;2266;1169;0;7;0;4216;-13;-532;0;-136;-2129;-1048;0;-16;0;-3874;1;-17;0;109;137;121;0;-9;0;342
330270;2010;36;467;1;97;2053;1181;1;10;0;3846;-23;-397;0;-83;-1677;-885;-2;-20;0;-3087;13;70;1;14;376;296;-1;-10;0;759
330270;2009;14;362;0;81;1540;996;1;18;0;3012;-11;-339;0;-105;-1467;-762;-1;-29;0;-2714;3;23;0;-24;73;234;0;-11;0;298
330270;2008;0;498;0;104;1384;804;1;22;0;2813;-3;-465;0;-90;-1261;-749;0;-34;0;-2602;-3;33;0;14;123;55;1;-12;0;211
330270;2007;13;418;0;64;1291;834;0;57;0;2677;-10;-402;0;-43;-1008;-665;0;-37;0;-2165;3;16;0;21;283;169;0;20;0;512
330270;2006;0;201;0;43;1270;713;0;33;0;2260;-9;-185;0;-18;-1099;-584;0;-34;0;-1929;-9;16;0;25;171;129;0;-1;0;331
330270;2005;5;156;0;11;1262;588;1;31;0;2054;0;-170;0;-9;-1095;-450;-1;-39;0;-1764;5;-14;0;2;167;138;0;-8;0;290
330270;2004;1;185;0;15;1062;461;0;41;0;1765;-3;-133;0;-25;-899;-436;0;-26;0;-1522;-2;52;0;-10;163;25;0;15;0;243
330280;Total;0;617;0;1032;2896;1538;1008;56;0;7147;0;-616;0;-1210;-2704;-1521;-786;-39;0;-6876;0;1;0;-178;192;17;222;17;0;271
330280;2015;0;56;0;45;269;102;25;1;0;498;0;-44;0;-44;-259;-140;-42;0;0;-529;0;12;0;1;10;-38;-17;1;0;-31
330280;2014;0;47;0;1;300;109;39;0;0;496;0;-62;0;-2;-240;-105;-46;0;0;-455;0;-15;0;-1;60;4;-7;0;0;41
330280;2013;0;59;0;2;258;93;42;1;0;455;0;-34;0;-3;-247;-82;-65;-1;0;-432;0;25;0;-1;11;11;-23;0;0;23
330280;2012;0;51;0;11;270;118;21;3;0;474;0;-61;0;-4;-258;-107;-52;-5;0;-487;0;-10;0;7;12;11;-31;-2;0;-13
330280;2011;0;49;0;23;222;120;6;12;0;432;0;-51;0;-27;-208;-125;-51;-11;0;-473;0;-2;0;-4;14;-5;-45;1;0;-41
330280;2010;0;42;0;28;245;164;14;18;0;511;0;-51;0;-25;-185;-151;-50;-10;0;-472;0;-9;0;3;60;13;-36;8;0;39
330280;2009;0;39;0;17;220;157;85;14;0;532;0;-53;0;-48;-213;-282;-118;-2;0;-716;0;-14;0;-31;7;-125;-33;12;0;-184
330280;2008;0;60;0;63;292;248;97;1;0;761;0;-57;0;-27;-353;-135;-62;-3;0;-637;0;3;0;36;-61;113;35;-2;0;124
330280;2007;0;52;0;210;191;91;108;0;0;652;0;-51;0;-425;-197;-86;-66;-2;0;-827;0;1;0;-215;-6;5;42;-2;0;-175
330280;2006;0;49;0;219;210;111;397;0;0;986;0;-61;0;-220;-155;-104;-63;-2;0;-605;0;-12;0;-1;55;7;334;-2;0;381
330280;2005;0;40;0;193;169;112;122;5;0;641;0;-46;0;-213;-178;-90;-89;-2;0;-618;0;-6;0;-20;-9;22;33;3;0;23
330280;2004;0;73;0;220;250;113;52;1;0;709;0;-45;0;-172;-211;-114;-82;-1;0;-625;0;28;0;48;39;-1;-30;0;0;84
330285;Total;0;5273;26;3323;13113;27834;0;5;0;49574;0;-4795;-358;-2797;-11915;-26813;0;-4;0;-46682;0;478;-332;526;1198;1021;0;1;0;2892
330285;2015;0;403;0;179;1528;2447;0;4;0;4561;0;-496;-1;-223;-1588;-3054;0;-4;0;-5366;0;-93;-1;-44;-60;-607;0;0;0;-805
330285;2014;0;448;1;310;1607;3585;0;0;0;5951;0;-518;-3;-276;-1559;-3660;0;0;0;-6016;0;-70;-2;34;48;-75;0;0;0;-65
330285;2013;0;818;23;387;1540;3980;0;0;0;6748;0;-619;-352;-243;-1409;-3693;0;0;0;-6316;0;199;-329;144;131;287;0;0;0;432
330285;2012;0;607;0;239;1507;3341;0;0;0;5694;0;-645;-1;-645;-1492;-3181;0;0;0;-5964;0;-38;-1;-406;15;160;0;0;0;-270
330285;2011;0;595;2;1083;1382;2926;0;0;0;5988;0;-610;0;-700;-1256;-2675;0;0;0;-5241;0;-15;2;383;126;251;0;0;0;747
330285;2010;0;639;0;690;1157;2348;0;0;0;4834;0;-537;0;-355;-1005;-2423;0;0;0;-4320;0;102;0;335;152;-75;0;0;0;514
330285;2009;0;494;0;115;1070;2947;0;0;0;4626;0;-418;0;-101;-1072;-2933;0;0;0;-4524;0;76;0;14;-2;14;0;0;0;102
330285;2008;0;438;0;86;1083;2904;0;1;0;4512;0;-409;0;-55;-1014;-2548;0;0;0;-4026;0;29;0;31;69;356;0;1;0;486
330285;2007;0;470;0;111;889;1833;0;0;0;3303;0;-322;0;-62;-743;-1583;0;0;0;-2710;0;148;0;49;146;250;0;0;0;593
330285;2006;0;229;0;117;934;660;0;0;0;1940;0;-124;-1;-111;-553;-461;0;0;0;-1250;0;105;-1;6;381;199;0;0;0;690
330285;2005;0;60;0;2;284;453;0;0;0;799;0;-50;0;-15;-155;-313;0;0;0;-533;0;10;0;-13;129;140;0;0;0;266
330285;2004;0;72;0;4;132;410;0;0;0;618;0;-47;0;-11;-69;-289;0;0;0;-416;0;25;0;-7;63;121;0;0;0;202
330290;Total;18;580;22;1370;4733;4606;435;465;0;12229;-11;-534;-17;-1199;-4454;-4215;-523;-403;0;-11356;7;46;5;171;279;391;-88;62;0;873
330290;2015;0;30;5;230;404;364;14;36;0;1083;0;-35;-3;-197;-356;-304;-54;-34;0;-983;0;-5;2;33;48;60;-40;2;0;100
330290;2014;0;32;1;166;474;299;36;26;0;1034;0;-26;-3;-176;-453;-319;-1;-36;0;-1014;0;6;-2;-10;21;-20;35;-10;0;20
330290;2013;0;33;1;195;441;327;3;28;0;1028;0;-35;0;-171;-433;-380;-26;-47;0;-1092;0;-2;1;24;8;-53;-23;-19;0;-64
330290;2012;0;15;5;110;407;361;27;40;0;965;0;-37;-2;-82;-555;-447;0;-38;0;-1161;0;-22;3;28;-148;-86;27;2;0;-196
330290;2011;1;56;6;157;440;433;9;38;0;1140;0;-60;-1;-157;-373;-268;-8;-28;0;-895;1;-4;5;0;67;165;1;10;0;245
330290;2010;2;81;1;139;461;414;9;54;0;1161;-2;-52;-1;-94;-398;-373;-2;-43;0;-965;0;29;0;45;63;41;7;11;0;196
330290;2009;1;46;0;50;309;385;17;34;0;842;0;-63;-2;-56;-432;-325;-19;-26;0;-923;1;-17;-2;-6;-123;60;-2;8;0;-81
330290;2008;6;43;1;49;493;223;32;42;0;889;-6;-57;-3;-54;-320;-198;-268;-23;0;-929;0;-14;-2;-5;173;25;-236;19;0;-40
330290;2007;0;50;1;34;268;194;29;25;0;601;0;-56;-1;-23;-244;-264;-19;-36;0;-643;0;-6;0;11;24;-70;10;-11;0;-42
330290;2006;1;42;1;40;301;480;132;30;0;1027;0;-31;0;-86;-289;-474;-20;-17;0;-917;1;11;1;-46;12;6;112;13;0;110
330290;2005;4;95;0;122;380;525;95;52;0;1273;-2;-47;0;-68;-319;-363;-29;-46;0;-874;2;48;0;54;61;162;66;6;0;399
330290;2004;3;57;0;78;355;601;32;60;0;1186;-1;-35;-1;-35;-282;-500;-77;-29;0;-960;2;22;-1;43;73;101;-45;31;0;226
330300;Total;4;2356;0;704;3444;1400;0;594;0;8502;-8;-2014;0;-527;-2863;-1366;0;-565;0;-7343;-4;342;0;177;581;34;0;29;0;1159
330300;2015;0;242;0;138;337;189;0;43;0;949;0;-233;0;-104;-341;-152;0;-44;0;-874;0;9;0;34;-4;37;0;-1;0;75
330300;2014;0;238;0;86;489;176;0;29;0;1018;0;-263;0;-68;-328;-142;0;-49;0;-850;0;-25;0;18;161;34;0;-20;0;168
330300;2013;0;0;0;0;0;0;0;0;0;0;0;0;0;0;0;0;0;0;0;0;0;0;0;0;0;0;0;0;0;0
330300;2012;0;346;0;90;401;166;0;50;0;1053;0;-251;0;-55;-295;-132;0;-49;0;-782;0;95;0;35;106;34;0;1;0;271
330300;2011;0;273;0;85;269;112;0;60;0;799;0;-201;0;-58;-242;-112;0;-54;0;-667;0;72;0;27;27;0;0;6;0;132
330300;2010;0;221;0;57;284;108;0;58;0;728;0;-177;0;-37;-232;-89;0;-64;0;-599;0;44;0;20;52;19;0;-6;0;129
330300;2009;0;241;0;40;289;85;0;46;0;701;0;-121;0;-12;-264;-136;0;-43;0;-576;0;120;0;28;25;-51;0;3;0;125
330300;2008;0;130;0;23;209;68;0;57;0;487;0;-122;0;-20;-206;-87;0;-61;0;-496;0;8;0;3;3;-19;0;-4;0;-9
330300;2007;0;142;0;36;243;87;0;60;0;568;-1;-113;0;-20;-197;-79;0;-53;0;-463;-1;29;0;16;46;8;0;7;0;105
330300;2006;2;72;0;27;221;72;0;25;0;419;-1;-96;0;-19;-148;-72;0;-27;0;-363;1;-24;0;8;73;0;0;-2;0;56
330300;2005;2;86;0;17;178;70;0;51;0;404;-2;-64;0;-29;-130;-62;0;-34;0;-321;0;22;0;-12;48;8;0;17;0;83
330300;2004;0;105;0;27;165;113;0;54;0;464;-4;-84;0;-13;-124;-170;0;-45;0;-440;-4;21;0;14;41;-57;0;9;0;24
330310;Total;31;571;6;255;983;768;339;529;0;3482;-28;-542;-2;-219;-926;-643;-404;-539;0;-3303;3;29;4;36;57;125;-65;-10;0;179
330310;2015;3;48;0;33;94;78;0;42;0;298;-6;-36;0;-40;-89;-62;0;-61;0;-294;-3;12;0;-7;5;16;0;-19;0;4
330310;2014;0;84;0;30;125;103;0;49;0;391;0;-82;0;-39;-97;-83;0;-52;0;-353;0;2;0;-9;28;20;0;-3;0;38
330310;2013;0;120;0;71;130;63;0;32;0;416;0;-54;0;-57;-114;-50;0;-33;0;-308;0;66;0;14;16;13;0;-1;0;108
330310;2012;2;11;1;56;101;58;0;27;0;256;-2;-14;-2;-31;-71;-45;0;-38;0;-203;0;-3;-1;25;30;13;0;-11;0;53
330310;2011;3;31;5;1;91;53;0;59;0;243;-3;-90;0;-5;-92;-30;0;-44;0;-264;0;-59;5;-4;-1;23;0;15;0;-21
330310;2010;4;73;0;4;71;36;0;49;0;237;-5;-12;0;-10;-68;-61;-1;-35;0;-192;-1;61;0;-6;3;-25;-1;14;0;45
330310;2009;6;73;0;7;58;38;0;36;0;218;-4;-28;0;-4;-87;-38;-91;-47;0;-299;2;45;0;3;-29;0;-91;-11;0;-81
330310;2008;7;12;0;2;67;48;91;42;0;269;-5;-8;0;-1;-55;-28;-37;-37;0;-171;2;4;0;1;12;20;54;5;0;98
330310;2007;3;4;0;1;47;21;67;36;0;179;-1;-17;0;-3;-47;-20;-188;-41;0;-317;2;-13;0;-2;0;1;-121;-5;0;-138
330310;2006;1;10;0;40;70;183;126;57;0;487;-1;-67;0;-23;-68;-170;-15;-48;0;-392;0;-57;0;17;2;13;111;9;0;95
330310;2005;2;101;0;1;52;35;27;45;0;263;-1;-127;0;-4;-61;-23;-17;-42;0;-275;1;-26;0;-3;-9;12;10;3;0;-12
330310;2004;0;4;0;9;77;52;28;55;0;225;0;-7;0;-2;-77;-33;-55;-61;0;-235;0;-3;0;7;0;19;-27;-6;0;-10
330320;Total;10;7776;10;6299;32539;32186;36;0;0;78856;-11;-7572;-14;-8135;-30238;-28242;-29;-5;0;-74246;-1;204;-4;-1836;2301;3944;7;-5;0;4610
330320;2015;0;283;0;821;2981;3397;0;0;0;7482;0;-350;-1;-1754;-3009;-3286;0;0;0;-8400;0;-67;-1;-933;-28;111;0;0;0;-918
330320;2014;0;560;0;842;3176;3520;18;0;0;8116;0;-639;-1;-1084;-3164;-3201;-16;0;0;-8105;0;-79;-1;-242;12;319;2;0;0;11
330320;2013;0;863;0;453;3263;4428;14;0;0;9021;0;-760;-1;-613;-3151;-3294;-8;0;0;-7827;0;103;-1;-160;112;1134;6;0;0;1194
330320;2012;0;849;1;425;3124;3170;0;0;0;7569;0;-793;-1;-421;-3028;-3204;0;-2;0;-7449;0;56;0;4;96;-34;0;-2;0;120
330320;2011;0;747;2;546;3256;3247;0;0;0;7798;0;-825;-2;-575;-2972;-2691;0;0;0;-7065;0;-78;0;-29;284;556;0;0;0;733
330320;2010;0;934;1;295;2894;2821;4;0;0;6949;0;-958;0;-704;-2540;-2279;0;0;0;-6481;0;-24;1;-409;354;542;4;0;0;468
330320;2009;3;487;0;693;2639;2420;0;0;0;6242;-3;-471;0;-929;-2380;-2199;0;0;0;-5982;0;16;0;-236;259;221;0;0;0;260
330320;2008;2;556;0;652;2492;2156;0;0;0;5858;-1;-591;0;-622;-2269;-1922;0;0;0;-5405;1;-35;0;30;223;234;0;0;0;453
330320;2007;0;712;0;421;2335;2135;0;0;0;5603;0;-717;0;-439;-2090;-1915;0;-2;0;-5163;0;-5;0;-18;245;220;0;-2;0;440
330320;2006;0;650;0;491;2198;1801;0;0;0;5140;-2;-598;0;-345;-1950;-1485;0;-1;0;-4381;-2;52;0;146;248;316;0;-1;0;759
330320;2005;2;585;0;339;2288;1621;0;0;0;4835;-5;-510;-1;-325;-2031;-1392;-5;0;0;-4269;-3;75;-1;14;257;229;-5;0;0;566
330320;2004;3;550;6;321;1893;1470;0;0;0;4243;0;-360;-7;-324;-1654;-1374;0;0;0;-3719;3;190;-1;-3;239;96;0;0;0;524
330330;Total;420;68763;7092;77536;236790;392594;731;3812;0;787738;-446;-66955;-5970;-74948;-227367;-365593;-506;-4036;0;-745821;-26;1808;1122;2588;9423;27001;225;-224;0;41917
330330;2015;38;3307;542;6988;21694;33653;187;92;0;66501;-6;-6320;-528;-8826;-22763;-36745;-77;-127;0;-75392;32;-3013;14;-1838;-1069;-3092;110;-35;0;-8891
330330;2014;51;5743;603;9362;24802;40884;5;245;0;81695;-2;-6752;-496;-8726;-24640;-38997;-17;-222;0;-79852;49;-1009;107;636;162;1887;-12;23;0;1843
330330;2013;0;7995;455;9487;24566;41481;9;255;0;84248;-4;-7357;-590;-7548;-24052;-41075;-17;-274;0;-80917;-4;638;-135;1939;514;406;-8;-19;0;3331
330330;2012;0;7402;985;8200;23593;40642;4;367;0;81193;0;-5747;-686;-9040;-22939;-38171;-20;-410;0;-77013;0;1655;299;-840;654;2471;-16;-43;0;4180
330330;2011;3;6475;869;7340;22832;39582;21;336;0;77458;-30;-5661;-858;-6597;-21518;-35907;-14;-368;0;-70953;-27;814;11;743;1314;3675;7;-32;0;6505
330330;2010;11;5591;715;6800;20887;33747;29;290;0;68070;-18;-5930;-684;-6272;-19822;-30186;-24;-336;0;-63272;-7;-339;31;528;1065;3561;5;-46;0;4798
330330;2009;42;6283;851;6796;18723;30704;118;378;0;63895;-10;-6192;-504;-5933;-18043;-28896;-110;-341;0;-60029;32;91;347;863;680;1808;8;37;0;3866
330330;2008;9;9125;344;6189;18010;30629;122;377;0;64805;-35;-6360;-232;-5302;-17166;-25989;-74;-394;0;-55552;-26;2765;112;887;844;4640;48;-17;0;9253
330330;2007;4;4731;309;3756;17165;27624;71;397;0;54057;-5;-6266;-374;-3254;-15543;-24056;-53;-468;0;-50019;-1;-1535;-65;502;1622;3568;18;-71;0;4038
330330;2006;1;4025;329;3864;15639;25943;48;342;0;50191;-6;-3482;-217;-3798;-14444;-22368;-35;-345;0;-44695;-5;543;112;66;1195;3575;13;-3;0;5496
330330;2005;130;4180;454;4326;14886;24004;68;426;0;48474;-102;-3279;-387;-4909;-14064;-21659;-36;-395;0;-44831;28;901;67;-583;822;2345;32;31;0;3643
330330;2004;131;3906;636;4428;13993;23701;49;307;0;47151;-228;-3609;-414;-4743;-12373;-21544;-29;-356;0;-43296;-97;297;222;-315;1620;2157;20;-49;0;3855
330340;Total;445;81836;1373;11297;67215;55567;14713;1268;0;233714;-361;-79868;-1249;-10876;-62102;-50951;-12744;-1092;0;-219243;84;1968;124;421;5113;4616;1969;176;0;14471
330340;2015;51;5073;86;714;5531;4888;117;109;0;16569;-35;-6263;-100;-886;-5755;-4876;-232;-65;0;-18212;16;-1190;-14;-172;-224;12;-115;44;0;-1643
330340;2014;36;6825;93;1048;7318;5744;30;82;0;21176;-66;-7480;-121;-1299;-6766;-5255;-23;-82;0;-21092;-30;-655;-28;-251;552;489;7;0;0;84
330340;2013;63;7292;141;1166;6997;5591;1825;64;0;23139;-41;-7579;-135;-1058;-6699;-5062;-1587;-73;0;-22234;22;-287;6;108;298;529;238;-9;0;905
330340;2012;53;7604;158;1090;6505;5013;177;51;0;20651;-43;-7723;-118;-1056;-6187;-4682;-226;-60;0;-20095;10;-119;40;34;318;331;-49;-9;0;556
330340;2011;38;8213;155;1189;6531;5545;370;63;0;22104;-25;-8765;-136;-1069;-6142;-5123;-385;-65;0;-21710;13;-552;19;120;389;422;-15;-2;0;394
330340;2010;63;9157;73;1280;6643;4522;9;77;0;21824;-43;-8023;-72;-1062;-5889;-4204;-312;-81;0;-19686;20;1134;1;218;754;318;-303;-4;0;2138
330340;2009;52;7548;201;1037;5710;4897;2435;67;0;21947;-24;-7130;-125;-924;-5237;-4595;-2858;-70;0;-20963;28;418;76;113;473;302;-423;-3;0;984
330340;2008;29;7689;89;867;5399;4573;1777;84;0;20507;-20;-7022;-107;-722;-4655;-4072;-1399;-81;0;-18078;9;667;-18;145;744;501;378;3;0;2429
330340;2007;14;6629;128;760;4869;4823;3830;206;0;21259;-14;-6134;-87;-692;-4377;-4590;-3863;-186;0;-19943;0;495;41;68;492;233;-33;20;0;1316
330340;2006;17;5732;79;651;4200;3284;693;341;0;14997;-12;-4966;-71;-690;-3846;-3031;-277;-197;0;-13090;5;766;8;-39;354;253;416;144;0;1907
330340;2005;14;5077;88;596;3944;4168;3450;59;0;17396;-20;-4553;-104;-725;-3526;-3116;-1580;-62;0;-13686;-6;524;-16;-129;418;1052;1870;-3;0;3710
330340;2004;15;4997;82;899;3568;2519;0;65;0;12145;-18;-4230;-73;-693;-3023;-2345;-2;-70;0;-10454;-3;767;9;206;545;174;-2;-5;0;1691
330350;Total;885;53450;1979;38978;161440;153241;2152;209;0;412334;-946;-51812;-1839;-38794;-149950;-138091;-1767;-210;0;-383409;-61;1638;140;184;11490;15150;385;-1;0;28925
330350;2015;33;3498;224;2906;15164;14153;3;15;0;35996;-56;-5224;-241;-2758;-15656;-14642;-29;-22;0;-38628;-23;-1726;-17;148;-492;-489;-26;-7;0;-2632
330350;2014;59;5376;226;3052;17092;17246;28;15;0;43094;-121;-5736;-239;-3541;-16469;-14977;-18;-5;0;-41106;-62;-360;-13;-489;623;2269;10;10;0;1988
330350;2013;72;5614;66;3860;16967;16487;18;22;0;43106;-76;-4840;-53;-3128;-16237;-14990;-31;-15;0;-39370;-4;774;13;732;730;1497;-13;7;0;3736
330350;2012;100;5356;99;2896;16729;14773;43;24;0;40020;-178;-5900;-84;-2575;-15638;-13799;-45;-17;0;-38236;-78;-544;15;321;1091;974;-2;7;0;1784
330350;2011;214;5555;144;2932;15733;14320;48;27;0;38973;-124;-5185;-208;-2870;-15119;-12926;-46;-25;0;-36503;90;370;-64;62;614;1394;2;2;0;2470
330350;2010;101;6090;324;3193;15044;12670;298;25;0;37745;-91;-5621;-345;-2645;-12683;-11117;-357;-54;0;-32913;10;469;-21;548;2361;1553;-59;-29;0;4832
330350;2009;71;4468;297;5918;11907;11344;11;16;0;34032;-38;-3982;-222;-6353;-11802;-10026;-8;-18;0;-32449;33;486;75;-435;105;1318;3;-2;0;1583
330350;2008;64;4094;142;3463;12587;11219;3;21;0;31593;-49;-3637;-136;-4042;-11329;-10614;-7;-16;0;-29830;15;457;6;-579;1258;605;-4;5;0;1763
330350;2007;61;3588;75;3448;10379;12021;305;6;0;29883;-20;-3087;-103;-3693;-8866;-8726;-545;-3;0;-25043;41;501;-28;-245;1513;3295;-240;3;0;4840
330350;2006;61;3369;120;3632;9646;9964;472;13;0;27277;-24;-2859;-112;-3097;-8522;-9451;-530;-7;0;-24602;37;510;8;535;1124;513;-58;6;0;2675
330350;2005;10;2713;154;1475;10553;10012;897;11;0;25825;-41;-2667;-67;-2024;-9156;-8777;-137;-17;0;-22886;-31;46;87;-549;1397;1235;760;-6;0;2939
330350;2004;39;3729;108;2203;9639;9032;26;14;0;24790;-128;-3074;-29;-2068;-8473;-8046;-14;-11;0;-21843;-89;655;79;135;1166;986;12;3;0;2947
330360;Total;13;4459;15;898;6246;5007;1099;190;0;17927;-7;-4097;-10;-905;-5475;-5080;-1377;-194;0;-17145;6;362;5;-7;771;-73;-278;-4;0;782
330360;2015;0;624;3;46;567;345;13;20;0;1618;0;-572;0;-75;-601;-327;-151;-12;0;-1738;0;52;3;-29;-34;18;-138;8;0;-120
330360;2014;1;424;2;191;935;348;123;6;0;2030;-1;-362;0;-145;-705;-297;-132;-11;0;-1653;0;62;2;46;230;51;-9;-5;0;377
330360;2013;1;339;2;31;716;366;88;14;0;1557;-1;-397;-1;-37;-554;-288;-38;-16;0;-1332;0;-58;1;-6;162;78;50;-2;0;225
330360;2012;0;381;0;72;556;376;12;12;0;1409;0;-332;0;-119;-554;-457;-58;-13;0;-1533;0;49;0;-47;2;-81;-46;-1;0;-124
330360;2011;1;362;1;57;578;329;192;18;0;1538;0;-277;-2;-57;-464;-295;-218;-30;0;-1343;1;85;-1;0;114;34;-26;-12;0;195
330360;2010;0;294;0;84;509;293;169;17;0;1366;0;-237;-1;-77;-403;-289;-199;-8;0;-1214;0;57;-1;7;106;4;-30;9;0;152
330360;2009;3;278;1;18;435;252;159;14;0;1160;-3;-175;-1;-19;-452;-208;-185;-17;0;-1060;0;103;0;-1;-17;44;-26;-3;0;100
330360;2008;3;159;1;10;392;300;113;16;0;994;-1;-132;-3;-9;-422;-300;-141;-15;0;-1023;2;27;-2;1;-30;0;-28;1;0;-29
330360;2007;4;293;0;13;397;670;112;18;0;1507;-1;-270;0;-16;-379;-1263;-115;-24;0;-2068;3;23;0;-3;18;-593;-3;-6;0;-561
330360;2006;0;278;0;141;424;572;44;23;0;1482;0;-190;0;-216;-333;-690;-89;-17;0;-1535;0;88;0;-75;91;-118;-45;6;0;-53
330360;2005;0;313;4;119;426;707;21;19;0;1609;0;-783;-1;-132;-351;-342;-47;-14;0;-1670;0;-470;3;-13;75;365;-26;5;0;-61
330360;2004;0;714;1;116;311;449;53;13;0;1657;0;-370;-1;-3;-257;-324;-4;-17;0;-976;0;344;0;113;54;125;49;-4;0;681
330370;Total;130;9457;12;1208;8073;8667;1035;2956;0;31538;-152;-9272;-9;-1102;-7558;-7427;-1002;-2721;0;-29243;-22;185;3;106;515;1240;33;235;0;2295
330370;2015;5;770;2;250;776;835;0;268;0;2906;-11;-749;0;-228;-748;-752;0;-253;0;-2741;-6;21;2;22;28;83;0;15;0;165
330370;2014;21;843;4;165;798;906;0;281;0;3018;-17;-972;-2;-151;-824;-769;0;-270;0;-3005;4;-129;2;14;-26;137;0;11;0;13
330370;2013;8;1161;0;173;890;1112;43;234;0;3621;-14;-1339;0;-176;-828;-1367;-165;-197;0;-4086;-6;-178;0;-3;62;-255;-122;37;0;-465
330370;2012;10;1872;0;115;796;1447;22;135;0;4397;-29;-1657;0;-110;-771;-740;-15;-183;0;-3505;-19;215;0;5;25;707;7;-48;0;892
330370;2011;8;1426;0;165;778;807;125;165;0;3474;-8;-1140;-1;-129;-750;-620;-30;-161;0;-2839;0;286;-1;36;28;187;95;4;0;635
330370;2010;26;778;0;101;684;741;39;251;0;2620;-12;-550;0;-64;-635;-517;-167;-252;0;-2197;14;228;0;37;49;224;-128;-1;0;423
330370;2009;15;381;0;29;547;441;315;283;0;2011;-15;-669;0;-48;-555;-376;-256;-280;0;-2199;0;-288;0;-19;-8;65;59;3;0;-188
330370;2008;20;554;0;61;645;386;32;323;0;2021;-30;-444;-1;-26;-598;-391;-34;-296;0;-1820;-10;110;-1;35;47;-5;-2;27;0;201
330370;2007;5;444;1;43;547;400;58;213;0;1711;-5;-414;0;-28;-488;-478;-56;-231;0;-1700;0;30;1;15;59;-78;2;-18;0;11
330370;2006;2;433;0;8;498;473;29;262;0;1705;-3;-343;0;-10;-459;-442;-29;-276;0;-1562;-1;90;0;-2;39;31;0;-14;0;143
330370;2005;4;339;5;12;548;579;340;408;0;2235;-2;-572;-5;-38;-499;-512;-247;-225;0;-2100;2;-233;0;-26;49;67;93;183;0;135
330370;2004;6;456;0;86;566;540;32;133;0;1819;-6;-423;0;-94;-403;-463;-3;-97;0;-1489;0;33;0;-8;163;77;29;36;0;330
330380;Total;107;309;59;586;10155;17942;897;207;0;30262;-87;-285;-16;-544;-9368;-16520;-1169;-209;0;-28198;20;24;43;42;787;1422;-272;-2;0;2064
330380;2015;4;18;14;14;1185;2131;0;16;0;3382;-10;-22;-10;-21;-1108;-2085;0;-17;0;-3273;-6;-4;4;-7;77;46;0;-1;0;109
330380;2014;12;22;45;75;1235;2370;0;10;0;3769;-8;-21;-6;-102;-1149;-2239;0;-21;0;-3546;4;1;39;-27;86;131;0;-11;0;223
330380;2013;8;34;0;74;914;2302;208;15;0;3555;-13;-28;0;-56;-893;-2179;-94;-14;0;-3277;-5;6;0;18;21;123;114;1;0;278
330380;2012;18;26;0;65;944;1958;213;25;0;3249;-6;-23;0;-62;-897;-1898;-97;-25;0;-3008;12;3;0;3;47;60;116;0;0;241
330380;2011;6;19;0;62;919;1882;119;15;0;3022;-4;-20;0;-66;-884;-1582;-157;-20;0;-2733;2;-1;0;-4;35;300;-38;-5;0;289
330380;2010;10;38;0;83;797;1450;61;19;0;2458;-8;-32;0;-70;-809;-1250;-178;-16;0;-2363;2;6;0;13;-12;200;-117;3;0;95
330380;2009;20;30;0;55;835;1339;124;6;0;2409;-26;-29;0;-53;-734;-1099;-130;-14;0;-2085;-6;1;0;2;101;240;-6;-8;0;324
330380;2008;15;32;0;79;876;1169;19;18;0;2208;-2;-36;0;-70;-661;-1059;-33;-16;0;-1877;13;-4;0;9;215;110;-14;2;0;331
330380;2007;3;30;0;35;645;862;33;24;0;1632;-8;-17;0;-7;-761;-784;-29;-24;0;-1630;-5;13;0;28;-116;78;4;0;0;2
330380;2006;3;14;0;0;598;783;42;7;0;1447;-1;-17;0;-6;-557;-759;-203;-10;0;-1553;2;-3;0;-6;41;24;-161;-3;0;-106
330380;2005;3;30;0;10;667;886;31;15;0;1642;-1;-16;0;-4;-502;-824;-190;-18;0;-1555;2;14;0;6;165;62;-159;-3;0;87
330380;2004;5;16;0;34;540;810;47;37;0;1489;0;-24;0;-27;-413;-762;-58;-14;0;-1298;5;-8;0;7;127;48;-11;23;0;191
330385;Total;155;2020;4;126;3454;1428;0;454;0;7641;-122;-1513;0;-132;-3206;-1295;0;-458;0;-6726;33;507;4;-6;248;133;0;-4;0;915
330385;2015;21;201;0;59;249;141;0;35;0;706;-28;-226;0;-64;-260;-135;0;-42;0;-755;-7;-25;0;-5;-11;6;0;-7;0;-49
330385;2014;27;362;0;7;373;185;0;32;0;986;-13;-257;0;-13;-468;-162;0;-37;0;-950;14;105;0;-6;-95;23;0;-5;0;36
330385;2013;13;356;0;9;382;164;0;33;0;957;-13;-265;0;-5;-354;-162;0;-33;0;-832;0;91;0;4;28;2;0;0;0;125
330385;2012;25;144;0;10;383;150;0;26;0;738;-23;-120;0;-4;-316;-226;0;-36;0;-725;2;24;0;6;67;-76;0;-10;0;13
330385;2011;26;139;0;14;373;123;0;51;0;726;-19;-133;0;-11;-351;-137;0;-39;0;-690;7;6;0;3;22;-14;0;12;0;36
330385;2010;27;136;0;0;306;114;0;38;0;621;-20;-120;0;-1;-270;-89;0;-29;0;-529;7;16;0;-1;36;25;0;9;0;92
330385;2009;13;141;3;6;261;113;0;30;0;567;-3;-87;0;-6;-262;-80;0;-38;0;-476;10;54;3;0;-1;33;0;-8;0;91
330385;2008;1;218;1;10;271;64;0;41;0;606;-3;-102;0;-14;-244;-55;0;-39;0;-457;-2;116;1;-4;27;9;0;2;0;149
330385;2007;2;86;0;6;200;58;0;36;0;388;0;-45;0;-6;-154;-49;0;-35;0;-289;2;41;0;0;46;9;0;1;0;99
330385;2006;0;101;0;2;222;64;0;51;0;440;0;-49;0;-1;-176;-57;0;-41;0;-324;0;52;0;1;46;7;0;10;0;116
330385;2005;0;62;0;3;260;140;0;44;0;509;0;-38;0;0;-171;-87;0;-45;0;-341;0;24;0;3;89;53;0;-1;0;168
330385;2004;0;74;0;0;174;112;0;37;0;397;0;-71;0;-7;-180;-56;0;-44;0;-358;0;3;0;-7;-6;56;0;-7;0;39
330390;Total;87;64637;2872;29402;99169;110986;141;2309;0;309603;-77;-62419;-2792;-27643;-94017;-100708;-143;-2374;0;-290173;10;2218;80;1759;5152;10278;-2;-65;0;19430
330390;2015;15;3850;52;3295;7989;10288;0;127;0;25616;-11;-5068;-110;-3709;-8766;-9843;0;-119;0;-27626;4;-1218;-58;-414;-777;445;0;8;0;-2010
330390;2014;14;5209;62;4195;9944;11394;0;178;0;30996;-16;-5662;-81;-3486;-10236;-10560;0;-155;0;-30196;-2;-453;-19;709;-292;834;0;23;0;800
330390;2013;10;5898;654;2175;10574;11666;0;153;0;31130;-9;-6032;-630;-2253;-10352;-10379;0;-204;0;-29859;1;-134;24;-78;222;1287;0;-51;0;1271
330390;2012;10;6092;85;3372;10133;11831;0;175;0;31698;-3;-6540;-99;-3302;-9586;-11358;-2;-172;0;-31062;7;-448;-14;70;547;473;-2;3;0;636
330390;2011;7;7152;77;3617;10012;11924;17;206;0;33012;-7;-7005;-104;-3541;-9093;-10820;-5;-242;0;-30817;0;147;-27;76;919;1104;12;-36;0;2195
330390;2010;4;6872;143;3430;8646;9882;1;198;0;29176;-3;-6204;-147;-2874;-7841;-9086;-7;-219;0;-26381;1;668;-4;556;805;796;-6;-21;0;2795
330390;2009;0;5759;129;2332;7760;8641;1;194;0;24816;0;-5860;-204;-1866;-6975;-7504;-2;-255;0;-22666;0;-101;-75;466;785;1137;-1;-61;0;2150
330390;2008;7;6282;630;2346;7921;8450;2;286;0;25924;-5;-5658;-429;-1984;-7222;-7529;-1;-222;0;-23050;2;624;201;362;699;921;1;64;0;2874
330390;2007;8;4873;234;1322;7280;7586;1;192;0;21496;-11;-4251;-175;-1307;-6835;-6698;0;-228;0;-19505;-3;622;59;15;445;888;1;-36;0;1991
330390;2006;5;4110;515;1351;6437;6997;32;153;0;19600;-2;-3667;-407;-1166;-6094;-6069;-31;-170;0;-17606;3;443;108;185;343;928;1;-17;0;1994
330390;2005;6;4191;166;758;6788;6426;36;241;0;18612;-10;-3351;-213;-1007;-5883;-5511;-53;-210;0;-16238;-4;840;-47;-249;905;915;-17;31;0;2374
330390;2004;1;4349;125;1209;5685;5901;51;206;0;17527;0;-3121;-193;-1148;-5134;-5351;-42;-178;0;-15167;1;1228;-68;61;551;550;9;28;0;2360
330395;Total;14;2388;0;627;3136;2646;934;365;0;10110;-14;-2389;0;-688;-2920;-2409;-952;-357;0;-9729;0;-1;0;-61;216;237;-18;8;0;381
330395;2015;0;193;0;73;206;269;76;16;0;833;0;-267;0;-84;-282;-258;-33;-42;0;-966;0;-74;0;-11;-76;11;43;-26;0;-133
330395;2014;0;272;0;93;441;322;70;42;0;1240;0;-294;0;-85;-350;-317;-26;-39;0;-1111;0;-22;0;8;91;5;44;3;0;129
330395;2013;0;342;0;112;320;413;45;37;0;1269;0;-290;0;-143;-310;-392;-31;-25;0;-1191;0;52;0;-31;10;21;14;12;0;78
330395;2012;0;294;0;112;315;401;20;54;0;1196;0;-262;0;-179;-301;-346;-28;-78;0;-1194;0;32;0;-67;14;55;-8;-24;0;2
330395;2011;0;256;0;91;303;269;56;71;0;1046;0;-230;0;-65;-282;-223;-104;-56;0;-960;0;26;0;26;21;46;-48;15;0;86
330395;2010;0;216;0;32;358;203;251;63;0;1123;0;-171;0;-19;-333;-152;-243;-49;0;-967;0;45;0;13;25;51;8;14;0;156
330395;2009;0;138;0;34;441;132;241;46;0;1032;0;-155;0;-36;-388;-163;-251;-38;0;-1031;0;-17;0;-2;53;-31;-10;8;0;1
330395;2008;0;211;0;42;214;129;18;8;0;622;0;-278;0;-23;-189;-113;-148;-14;0;-765;0;-67;0;19;25;16;-130;-6;0;-143
330395;2007;3;145;0;1;178;129;157;5;0;618;-4;-163;0;-15;-152;-95;-87;-5;0;-521;-1;-18;0;-14;26;34;70;0;0;97
330395;2006;0;136;0;15;147;165;0;12;0;475;0;-141;0;-19;-160;-164;-1;-4;0;-489;0;-5;0;-4;-13;1;-1;8;0;-14
330395;2005;8;137;0;1;131;140;0;4;0;421;-8;-87;0;-3;-89;-138;0;-3;0;-328;0;50;0;-2;42;2;0;1;0;93
330395;2004;3;48;0;21;82;74;0;7;0;235;-2;-51;0;-17;-84;-48;0;-4;0;-206;1;-3;0;4;-2;26;0;3;0;29
330400;Total;13;5478;75;2828;4684;6684;2;1213;0;20977;-14;-5743;-111;-2689;-4194;-5757;-14;-1242;0;-19764;-1;-265;-36;139;490;927;-12;-29;0;1213
330400;2015;0;264;7;162;413;828;0;76;0;1750;-3;-336;-5;-382;-399;-906;-1;-135;0;-2167;-3;-72;2;-220;14;-78;-1;-59;0;-417
330400;2014;6;215;5;199;445;1327;0;122;0;2319;-3;-273;-7;-410;-491;-1100;-1;-113;0;-2398;3;-58;-2;-211;-46;227;-1;9;0;-79
330400;2013;0;230;5;592;563;957;0;114;0;2461;0;-552;-7;-401;-499;-843;0;-153;0;-2455;0;-322;-2;191;64;114;0;-39;0;6
330400;2012;0;254;9;501;434;715;0;152;0;2065;0;-427;-13;-343;-404;-655;-2;-155;0;-1999;0;-173;-4;158;30;60;-2;-3;0;66
330400;2011;0;688;26;208;359;591;0;127;0;1999;0;-548;-14;-187;-363;-528;0;-96;0;-1736;0;140;12;21;-4;63;0;31;0;263
330400;2010;0;541;5;330;396;633;0;97;0;2002;0;-565;-6;-241;-327;-522;0;-121;0;-1782;0;-24;-1;89;69;111;0;-24;0;220
330400;2009;0;386;1;86;257;588;0;105;0;1423;0;-451;-16;-137;-259;-325;0;-119;0;-1307;0;-65;-15;-51;-2;263;0;-14;0;116
330400;2008;0;504;2;185;271;241;0;90;0;1293;0;-818;-21;-183;-255;-208;-1;-76;0;-1562;0;-314;-19;2;16;33;-1;14;0;-269
330400;2007;2;808;8;115;514;204;0;74;0;1725;-2;-625;-15;-89;-394;-173;-2;-88;0;-1388;0;183;-7;26;120;31;-2;-14;0;337
330400;2006;1;637;5;138;532;229;1;57;0;1600;0;-460;-6;-133;-357;-209;-2;-44;0;-1211;1;177;-1;5;175;20;-1;13;0;389
330400;2005;4;375;1;159;252;196;1;102;0;1090;-5;-332;0;-62;-230;-127;-1;-80;0;-837;-1;43;1;97;22;69;0;22;0;253
330400;2004;0;576;1;153;248;175;0;97;0;1250;-1;-356;-1;-121;-216;-161;-4;-62;0;-922;-1;220;0;32;32;14;-4;35;0;328
330410;Total;157;1214;0;82;1452;689;6;360;0;3960;-170;-1085;0;-68;-1226;-579;-3;-342;0;-3473;-13;129;0;14;226;110;3;18;0;487
330410;2015;6;76;0;33;139;83;0;30;0;367;-13;-70;0;-17;-135;-77;0;-26;0;-338;-7;6;0;16;4;6;0;4;0;29
330410;2014;8;121;0;4;174;91;0;28;0;426;-14;-116;0;-22;-149;-89;0;-29;0;-419;-6;5;0;-18;25;2;0;-1;0;7
330410;2013;14;121;0;9;188;61;0;33;0;426;-10;-133;0;-11;-136;-68;0;-31;0;-389;4;-12;0;-2;52;-7;0;2;0;37
330410;2012;14;158;0;13;116;85;0;35;0;421;-11;-109;0;-5;-113;-44;0;-19;0;-301;3;49;0;8;3;41;0;16;0;120
330410;2011;7;123;0;12;102;80;0;27;0;351;-21;-94;0;-2;-102;-55;0;-33;0;-307;-14;29;0;10;0;25;0;-6;0;44
330410;2010;18;149;0;1;119;48;0;30;0;365;-8;-125;0;-1;-89;-44;0;-35;0;-302;10;24;0;0;30;4;0;-5;0;63
330410;2009;16;115;0;2;114;67;0;18;0;332;-30;-104;0;0;-95;-47;0;-31;0;-307;-14;11;0;2;19;20;0;-13;0;25
330410;2008;25;118;0;4;93;44;0;31;0;315;-17;-89;0;-4;-98;-42;0;-32;0;-282;8;29;0;0;-5;2;0;-1;0;33
330410;2007;13;75;0;0;107;33;1;37;0;266;-18;-51;0;-1;-105;-29;-1;-30;0;-235;-5;24;0;-1;2;4;0;7;0;31
330410;2006;17;34;0;0;136;22;1;28;0;238;-9;-88;0;0;-56;-28;-2;-19;0;-202;8;-54;0;0;80;-6;-1;9;0;36
330410;2005;13;67;0;1;96;45;1;34;0;257;-10;-60;0;-2;-80;-25;0;-34;0;-211;3;7;0;-1;16;20;1;0;0;46
330410;2004;6;57;0;3;68;30;3;29;0;196;-9;-46;0;-3;-68;-31;0;-23;0;-180;-3;11;0;0;0;-1;3;6;0;16
330411;Total;14;18952;7;1643;2234;8914;504;133;0;32401;-12;-17965;-9;-1513;-1980;-7455;-559;-151;0;-29644;2;987;-2;130;254;1459;-55;-18;0;2757
330411;2015;0;714;0;89;173;791;0;4;0;1771;0;-1454;-1;-108;-193;-1029;-79;-9;0;-2873;0;-740;-1;-19;-20;-238;-79;-5;0;-1102
330411;2014;0;666;0;90;271;525;76;9;0;1637;0;-2862;0;-139;-262;-799;-105;-6;0;-4173;0;-2196;0;-49;9;-274;-29;3;0;-2536
330411;2013;6;1983;2;202;314;1007;132;4;0;3650;-10;-2296;-1;-148;-247;-815;-66;-2;0;-3585;-4;-313;1;54;67;192;66;2;0;65
330411;2012;8;1916;2;134;197;669;92;51;0;3069;-2;-2258;-4;-205;-210;-616;-100;-69;0;-3464;6;-342;-2;-71;-13;53;-8;-18;0;-395
330411;2011;0;2176;0;223;199;976;107;15;0;3696;0;-1756;-1;-111;-141;-768;-38;-17;0;-2832;0;420;-1;112;58;208;69;-2;0;864
330411;2010;0;3268;3;250;199;706;97;10;0;4533;0;-1720;-2;-266;-149;-564;-171;-10;0;-2882;0;1548;1;-16;50;142;-74;0;0;1651
330411;2009;0;1296;0;190;111;430;0;17;0;2044;0;-1394;0;-158;-111;-497;0;-12;0;-2172;0;-98;0;32;0;-67;0;5;0;-128
330411;2008;0;1945;0;182;112;1913;0;5;0;4157;0;-1503;0;-148;-107;-1143;0;-6;0;-2907;0;442;0;34;5;770;0;-1;0;1250
330411;2007;0;2237;0;100;153;664;0;13;0;3167;0;-911;0;-73;-168;-475;0;-8;0;-1635;0;1326;0;27;-15;189;0;5;0;1532
330411;2006;0;561;0;64;156;460;0;3;0;1244;0;-568;0;-41;-129;-261;0;-2;0;-1001;0;-7;0;23;27;199;0;1;0;243
330411;2005;0;1317;0;49;223;552;0;2;0;2143;0;-808;0;-65;-139;-341;0;-8;0;-1361;0;509;0;-16;84;211;0;-6;0;782
330411;2004;0;873;0;70;126;221;0;0;0;1290;0;-435;0;-51;-124;-147;0;-2;0;-759;0;438;0;19;2;74;0;-2;0;531
330412;Total;84;760;30;2454;1991;2135;180;381;0;8015;-89;-732;-19;-2348;-1836;-1787;-313;-432;0;-7556;-5;28;11;106;155;348;-133;-51;0;459
330412;2015;0;6;0;106;165;273;0;30;0;580;-5;-7;0;-77;-171;-332;0;-31;0;-623;-5;-1;0;29;-6;-59;0;-1;0;-43
330412;2014;3;6;2;168;260;605;0;41;0;1085;-5;-28;-1;-261;-250;-409;0;-46;0;-1000;-2;-22;1;-93;10;196;0;-5;0;85
330412;2013;6;39;0;289;219;200;0;58;0;811;-7;-53;0;-299;-229;-159;0;-60;0;-807;-1;-14;0;-10;-10;41;0;-2;0;4
330412;2012;8;55;1;576;226;162;0;60;0;1088;-10;-64;0;-547;-200;-153;0;-69;0;-1043;-2;-9;1;29;26;9;0;-9;0;45
330412;2011;7;64;12;562;229;206;0;19;0;1099;-15;-81;-2;-549;-212;-161;0;-21;0;-1041;-8;-17;10;13;17;45;0;-2;0;58
330412;2010;13;180;1;544;183;164;0;20;0;1105;-4;-129;0;-409;-135;-110;0;-26;0;-813;9;51;1;135;48;54;0;-6;0;292
330412;2009;15;75;1;153;151;85;0;18;0;498;-7;-79;-1;-157;-145;-84;0;-18;0;-491;8;-4;0;-4;6;1;0;0;0;7
330412;2008;10;55;0;7;87;80;116;29;0;384;-5;-56;0;-5;-73;-52;-136;-38;0;-365;5;-1;0;2;14;28;-20;-9;0;19
330412;2007;2;42;0;13;114;43;41;18;0;273;-8;-44;0;-9;-99;-76;-53;-15;0;-304;-6;-2;0;4;15;-33;-12;3;0;-31
330412;2006;1;55;0;20;98;83;8;13;0;278;-14;-37;0;-15;-107;-56;-44;-21;0;-294;-13;18;0;5;-9;27;-36;-8;0;-16
330412;2005;13;99;5;5;127;93;6;30;0;378;-4;-95;-9;-10;-106;-121;-15;-45;0;-405;9;4;-4;-5;21;-28;-9;-15;0;-27
330412;2004;6;84;8;11;132;141;9;45;0;436;-5;-59;-6;-10;-109;-74;-65;-42;0;-370;1;25;2;1;23;67;-56;3;0;66
330414;Total;381;10486;40;20407;19267;15414;0;40;0;66035;-307;-10297;-37;-14498;-17648;-14591;0;-35;0;-57413;74;189;3;5909;1619;823;0;5;0;8622
330414;2015;39;1446;9;305;2662;1889;0;2;0;6352;-31;-1690;-5;-342;-2916;-1996;0;-1;0;-6981;8;-244;4;-37;-254;-107;0;1;0;-629
330414;2014;61;1655;4;790;2519;1550;0;1;0;6580;-65;-1379;-4;-956;-2444;-1516;0;0;0;-6364;-4;276;0;-166;75;34;0;1;0;216
330414;2013;88;1315;10;1290;2173;1354;0;0;0;6230;-86;-1178;-7;-3175;-2008;-1491;0;0;0;-7945;2;137;3;-1885;165;-137;0;0;0;-1715
330414;2012;89;763;4;8401;2016;1613;0;0;0;12886;-48;-793;-3;-3207;-1749;-1967;0;0;0;-7767;41;-30;1;5194;267;-354;0;0;0;5119
330414;2011;6;993;3;3303;1468;2229;0;2;0;8004;-3;-783;-2;-1590;-1368;-1899;0;-4;0;-5649;3;210;1;1713;100;330;0;-2;0;2355
330414;2010;31;694;0;2236;1490;1972;0;2;0;6425;-24;-461;-2;-1799;-1223;-1521;0;-1;0;-5031;7;233;-2;437;267;451;0;1;0;1394
330414;2009;8;536;0;648;1123;1085;0;5;0;3405;-11;-474;0;-906;-1065;-910;0;-3;0;-3369;-3;62;0;-258;58;175;0;2;0;36
330414;2008;18;669;1;742;1368;1064;0;6;0;3868;-10;-804;-3;-391;-1206;-914;0;-9;0;-3337;8;-135;-2;351;162;150;0;-3;0;531
330414;2007;7;673;0;416;1237;687;0;7;0;3027;-10;-853;-9;-279;-994;-541;0;-5;0;-2691;-3;-180;-9;137;243;146;0;2;0;336
330414;2006;4;775;0;1080;1073;627;0;2;0;3561;-9;-686;0;-1159;-1003;-483;0;0;0;-3340;-5;89;0;-79;70;144;0;2;0;221
330414;2005;18;647;6;943;1176;739;0;7;0;3536;-3;-668;-2;-514;-922;-636;0;-5;0;-2750;15;-21;4;429;254;103;0;2;0;786
330414;2004;12;320;3;253;962;605;0;6;0;2161;-7;-528;0;-180;-750;-717;0;-7;0;-2189;5;-208;3;73;212;-112;0;-1;0;-28
330415;Total;6;1085;57;1305;1477;1235;744;555;0;6464;-4;-1036;-54;-1296;-1310;-1150;-576;-542;0;-5968;2;49;3;9;167;85;168;13;0;496
330415;2015;2;23;4;17;146;78;71;22;0;363;-2;-66;-1;-30;-151;-85;-63;-38;0;-436;0;-43;3;-13;-5;-7;8;-16;0;-73
330415;2014;0;158;0;38;183;93;154;16;0;642;-2;-159;0;-44;-158;-119;-62;-29;0;-573;-2;-1;0;-6;25;-26;92;-13;0;69
330415;2013;0;152;2;73;163;172;121;40;0;723;0;-169;-3;-68;-172;-161;-40;-50;0;-663;0;-17;-1;5;-9;11;81;-10;0;60
330415;2012;0;114;5;25;177;145;34;37;0;537;0;-73;-3;-47;-145;-149;-57;-49;0;-523;0;41;2;-22;32;-4;-23;-12;0;14
330415;2011;0;77;3;14;172;100;29;104;0;499;0;-96;-5;-28;-150;-112;-37;-88;0;-516;0;-19;-2;-14;22;-12;-8;16;0;-17
330415;2010;0;160;1;32;177;222;171;107;0;870;0;-72;-21;-30;-148;-116;-35;-53;0;-475;0;88;-20;2;29;106;136;54;0;395
330415;2009;0;28;1;37;122;96;0;19;0;303;0;-67;0;-53;-98;-136;-22;-17;0;-393;0;-39;1;-16;24;-40;-22;2;0;-90
330415;2008;0;283;33;50;83;97;0;27;0;573;0;-259;-14;-45;-72;-94;-20;-44;0;-548;0;24;19;5;11;3;-20;-17;0;25
330415;2007;3;28;5;29;94;52;3;44;0;258;0;-17;-5;-30;-84;-45;-94;-57;0;-332;3;11;0;-1;10;7;-91;-13;0;-74
330415;2006;0;48;3;135;61;63;88;45;0;443;0;-28;-2;-70;-48;-43;-74;-24;0;-289;0;20;1;65;13;20;14;21;0;154
330415;2005;0;8;0;114;46;61;73;63;0;365;0;-17;0;-561;-44;-34;-72;-69;0;-797;0;-9;0;-447;2;27;1;-6;0;-432
330415;2004;1;6;0;741;53;56;0;31;0;888;0;-13;0;-290;-40;-56;0;-24;0;-423;1;-7;0;451;13;0;0;7;0;465
330420;Total;93;20072;1405;11875;50333;68391;48;1625;0;153842;-123;-17619;-1239;-12422;-47110;-64310;-80;-1634;0;-144537;-30;2453;166;-547;3223;4081;-32;-9;0;9305
330420;2015;0;1390;125;757;4084;5576;0;75;0;12007;-31;-1999;-140;-983;-4842;-5992;-12;-96;0;-14095;-31;-609;-15;-226;-758;-416;-12;-21;0;-2088
330420;2014;3;2001;131;767;6290;6707;0;101;0;16000;-7;-2388;-111;-873;-6053;-6869;-20;-104;0;-16425;-4;-387;20;-106;237;-162;-20;-3;0;-425
330420;2013;6;2423;85;1108;6749;8246;1;137;0;18755;-11;-1740;-75;-965;-5862;-7292;-11;-144;0;-16100;-5;683;10;143;887;954;-10;-7;0;2655
330420;2012;15;1258;79;941;5850;7022;1;148;0;15314;-12;-1915;-58;-1044;-5491;-7121;-7;-179;0;-15827;3;-657;21;-103;359;-99;-6;-31;0;-513
330420;2011;25;1865;78;1244;5670;6701;6;197;0;15786;-21;-1619;-71;-1144;-5040;-6054;-4;-174;0;-14127;4;246;7;100;630;647;2;23;0;1659
330420;2010;7;2515;82;1558;4480;7268;5;190;0;16105;0;-1398;-63;-1696;-4035;-6628;-2;-221;0;-14043;7;1117;19;-138;445;640;3;-31;0;2062
330420;2009;8;1240;119;1954;3498;4327;2;150;0;11298;-7;-1545;-167;-2605;-3019;-4456;-2;-122;0;-11923;1;-305;-48;-651;479;-129;0;28;0;-625
330420;2008;1;2057;265;1265;3394;5554;19;183;0;12738;-8;-1154;-131;-1148;-3237;-4541;-12;-184;0;-10415;-7;903;134;117;157;1013;7;-1;0;2323
330420;2007;6;1606;93;997;2875;4597;5;122;0;10301;-1;-1125;-54;-717;-2680;-3791;-6;-130;0;-8504;5;481;39;280;195;806;-1;-8;0;1797
330420;2006;9;971;114;401;2551;3819;3;79;0;7947;-6;-1080;-183;-370;-2366;-3356;-3;-90;0;-7454;3;-109;-69;31;185;463;0;-11;0;493
330420;2005;11;1402;117;521;2539;4258;2;120;0;8970;-9;-923;-97;-478;-2358;-4348;-1;-97;0;-8311;2;479;20;43;181;-90;1;23;0;659
330420;2004;2;1344;117;362;2353;4316;4;123;0;8621;-10;-733;-89;-399;-2127;-3862;0;-93;0;-7313;-8;611;28;-37;226;454;4;30;0;1308
330430;Total;124;8099;120;16811;17753;102089;4;1178;0;146178;-91;-7163;-103;-15190;-16741;-89460;-3;-1182;0;-129933;33;936;17;1621;1012;12629;1;-4;0;16245
330430;2015;8;656;0;2091;1375;3973;0;56;0;8159;-4;-646;-2;-1971;-1616;-5014;0;-64;0;-9317;4;10;-2;120;-241;-1041;0;-8;0;-1158
330430;2014;7;829;4;3261;1722;5205;0;67;0;11095;-11;-764;-2;-3104;-1697;-5550;0;-78;0;-11206;-4;65;2;157;25;-345;0;-11;0;-111
330430;2013;9;892;1;3292;1847;6834;0;75;0;12950;-9;-768;-1;-2233;-1848;-6667;0;-99;0;-11625;0;124;0;1059;-1;167;0;-24;0;1325
330430;2012;8;689;7;576;1686;5337;0;85;0;8388;-4;-634;-6;-804;-1842;-5019;0;-94;0;-8403;4;55;1;-228;-156;318;0;-9;0;-15
330430;2011;11;634;16;1418;1583;7828;0;97;0;11587;-6;-655;-9;-1554;-1486;-7339;0;-103;0;-11152;5;-21;7;-136;97;489;0;-6;0;435
330430;2010;19;647;8;1227;1559;7412;0;81;0;10953;-2;-642;-10;-1099;-1257;-7360;0;-113;0;-10483;17;5;-2;128;302;52;0;-32;0;470
330430;2009;1;598;14;1056;1280;10303;0;119;0;13371;-9;-539;-4;-831;-1324;-9065;-1;-104;0;-11877;-8;59;10;225;-44;1238;-1;15;0;1494
330430;2008;10;663;6;1194;1365;8886;2;127;0;12253;-6;-593;-1;-987;-1307;-8678;-1;-125;0;-11698;4;70;5;207;58;208;1;2;0;555
330430;2007;6;628;22;1006;1331;8800;1;111;0;11905;-11;-468;-20;-777;-1075;-6916;0;-95;0;-9362;-5;160;2;229;256;1884;1;16;0;2543
330430;2006;8;517;30;558;1240;8280;0;89;0;10722;-15;-408;-46;-628;-933;-7736;0;-104;0;-9870;-7;109;-16;-70;307;544;0;-15;0;852
330430;2005;24;647;7;686;1399;16656;0;117;0;19536;-7;-546;-2;-651;-1241;-10910;0;-91;0;-13448;17;101;5;35;158;5746;0;26;0;6088
330430;2004;13;699;5;446;1366;12575;1;154;0;15259;-7;-500;0;-551;-1115;-9206;-1;-112;0;-11492;6;199;5;-105;251;3369;0;42;0;3767
330440;Total;52;274;11;382;1255;974;5;1889;0;4842;-37;-245;-6;-427;-1127;-941;-7;-1825;0;-4615;15;29;5;-45;128;33;-2;64;0;227
330440;2015;0;19;1;20;137;147;0;118;0;442;-1;-21;-2;-29;-134;-165;-1;-168;0;-521;-1;-2;-1;-9;3;-18;-1;-50;0;-79
330440;2014;13;31;0;16;139;118;0;167;0;484;-15;-27;0;-18;-135;-96;-4;-164;0;-459;-2;4;0;-2;4;22;-4;3;0;25
330440;2013;27;19;0;11;115;104;3;160;0;439;-9;-17;0;-4;-127;-100;-1;-147;0;-405;18;2;0;7;-12;4;2;13;0;34
330440;2012;0;19;1;6;159;140;0;160;0;485;-4;-15;-1;-7;-99;-111;-1;-139;0;-377;-4;4;0;-1;60;29;-1;21;0;108
330440;2011;0;21;1;15;120;99;0;202;0;458;0;-16;0;-103;-90;-91;0;-202;0;-502;0;5;1;-88;30;8;0;0;0;-44
330440;2010;3;20;0;149;103;111;1;179;0;566;-4;-22;0;-188;-97;-62;0;-182;0;-555;-1;-2;0;-39;6;49;1;-3;0;11
330440;2009;0;19;5;130;97;29;1;174;0;455;-1;-27;-1;-49;-92;-65;0;-174;0;-409;-1;-8;4;81;5;-36;1;0;0;46
330440;2008;2;22;1;14;98;45;0;165;0;347;0;-20;-1;-10;-73;-38;0;-223;0;-365;2;2;0;4;25;7;0;-58;0;-18
330440;2007;1;48;1;6;92;46;0;197;0;391;0;-48;0;-2;-94;-138;0;-166;0;-448;1;0;1;4;-2;-92;0;31;0;-57
330440;2006;1;46;1;5;59;64;0;115;0;291;-2;-24;-1;-1;-53;-40;0;-83;0;-204;-1;22;0;4;6;24;0;32;0;87
330440;2005;4;8;0;6;74;51;0;176;0;319;0;-7;0;-7;-75;-14;0;-104;0;-207;4;1;0;-1;-1;37;0;72;0;112
330440;2004;1;2;0;4;62;20;0;76;0;165;-1;-1;0;-9;-58;-21;0;-73;0;-163;0;1;0;-5;4;-1;0;3;0;2
330450;Total;11;2426;0;3071;372;4682;0;429;0;10991;-10;-2123;0;-2822;-326;-3933;0;-413;0;-9627;1;303;0;249;46;749;0;16;0;1364
330450;2015;0;255;0;425;20;137;0;28;0;865;-2;-284;0;-340;-31;-246;0;-28;0;-931;-2;-29;0;85;-11;-109;0;0;0;-66
330450;2014;1;346;0;311;31;164;0;29;0;882;-1;-312;0;-356;-33;-138;0;-34;0;-874;0;34;0;-45;-2;26;0;-5;0;8
330450;2013;1;268;0;512;48;90;0;28;0;947;0;-215;0;-645;-46;-86;0;-36;0;-1028;1;53;0;-133;2;4;0;-8;0;-81
330450;2012;6;262;0;608;27;784;0;40;0;1727;-3;-205;0;-438;-31;-483;0;-36;0;-1196;3;57;0;170;-4;301;0;4;0;531
330450;2011;1;157;0;766;46;613;0;36;0;1619;0;-176;0;-751;-29;-428;0;-25;0;-1409;1;-19;0;15;17;185;0;11;0;210
330450;2010;0;199;0;1;43;590;0;29;0;862;0;-201;0;0;-37;-364;0;-48;0;-650;0;-2;0;1;6;226;0;-19;0;212
330450;2009;0;230;0;0;41;421;0;37;0;729;0;-184;0;-1;-30;-254;0;-30;0;-499;0;46;0;-1;11;167;0;7;0;230
330450;2008;0;285;0;0;22;271;0;62;0;640;0;-176;0;-23;-21;-170;0;-34;0;-424;0;109;0;-23;1;101;0;28;0;216
330450;2007;0;117;0;23;27;176;0;25;0;368;-2;-122;0;0;-22;-261;0;-51;0;-458;-2;-5;0;23;5;-85;0;-26;0;-90
330450;2006;0;62;0;424;25;189;0;24;0;724;0;-44;0;-268;-15;-381;0;-26;0;-734;0;18;0;156;10;-192;0;-2;0;-10
330450;2005;1;113;0;1;15;775;0;37;0;942;0;-153;0;0;-18;-611;0;-29;0;-811;1;-40;0;1;-3;164;0;8;0;131
330450;2004;1;132;0;0;27;472;0;54;0;686;-2;-51;0;0;-13;-511;0;-36;0;-613;-1;81;0;0;14;-39;0;18;0;73
330452;Total;1208;6425;644;18986;34288;31549;1;374;0;93475;-689;-5538;-463;-17325;-31301;-28375;-1;-325;0;-84017;519;887;181;1661;2987;3174;0;49;0;9458
330452;2015;197;607;23;1970;3868;3780;0;18;0;10463;-163;-820;-91;-2301;-4227;-4792;0;-13;0;-12407;34;-213;-68;-331;-359;-1012;0;5;0;-1944
330452;2014;235;1119;58;2084;4469;4734;0;15;0;12714;-152;-847;-24;-1633;-4192;-4325;0;-17;0;-11190;83;272;34;451;277;409;0;-2;0;1524
330452;2013;304;1132;31;1880;4688;4179;1;17;0;12232;-206;-890;-32;-1594;-4270;-3729;-1;-23;0;-10745;98;242;-1;286;418;450;0;-6;0;1487
330452;2012;435;751;51;2304;3898;3817;0;17;0;11273;-137;-634;-43;-1913;-3663;-3387;0;-21;0;-9798;298;117;8;391;235;430;0;-4;0;1475
330452;2011;26;712;39;2627;3328;3105;0;22;0;9859;-26;-550;-25;-2494;-2947;-2674;0;-15;0;-8731;0;162;14;133;381;431;0;7;0;1128
330452;2010;0;520;24;2059;2957;2930;0;21;0;8511;0;-543;-23;-1810;-2575;-2208;0;-22;0;-7181;0;-23;1;249;382;722;0;-1;0;1330
330452;2009;0;435;39;2176;2718;2138;0;20;0;7526;0;-365;-25;-2096;-2409;-1891;0;-14;0;-6800;0;70;14;80;309;247;0;6;0;726
330452;2008;0;446;52;1090;2653;1919;0;21;0;6181;0;-358;-1;-749;-2151;-1500;0;-29;0;-4788;0;88;51;341;502;419;0;-8;0;1393
330452;2007;0;203;1;629;1799;1371;0;163;0;4166;0;-113;0;-732;-1592;-1081;0;-131;0;-3649;0;90;1;-103;207;290;0;32;0;517
330452;2006;3;174;75;773;1392;1208;0;15;0;3640;0;-132;-66;-695;-1301;-1063;0;-13;0;-3270;3;42;9;78;91;145;0;2;0;370
330452;2005;4;160;54;697;1329;1274;0;21;0;3539;0;-161;-49;-704;-1080;-978;0;-14;0;-2986;4;-1;5;-7;249;296;0;7;0;553
330452;2004;4;166;197;697;1189;1094;0;24;0;3371;-5;-125;-84;-604;-894;-747;0;-13;0;-2472;-1;41;113;93;295;347;0;11;0;899
330455;Total;13144;718348;57204;1075275;2275655;5398540;18181;17588;27;9573962;-8699;-679011;-48480;-997281;-2145558;-5041776;-21059;-16885;-28;-8958777;4445;39337;8724;77994;130097;356764;-2878;703;-1;615185
330455;2015;609;55891;3021;102979;202872;488126;1932;1850;0;857280;-1467;-72952;-3910;-112509;-215723;-527037;-2096;-1870;0;-937564;-858;-17061;-889;-9530;-12851;-38911;-164;-20;0;-80284
330455;2014;687;70891;4517;116729;230392;582036;2350;1549;0;1009151;-719;-72756;-4626;-116348;-228644;-564858;-2943;-1565;0;-992459;-32;-1865;-109;381;1748;17178;-593;-16;0;16692
330455;2013;852;73810;6694;121504;233962;575150;3666;1836;0;1017474;-836;-71244;-9724;-120333;-227819;-553611;-2006;-1807;0;-987380;16;2566;-3030;1171;6143;21539;1660;29;0;30094
330455;2012;1795;76029;9533;124959;223869;556507;1115;1728;0;995535;-1227;-69359;-8044;-110746;-214725;-525562;-1180;-1620;0;-932463;568;6670;1489;14213;9144;30945;-65;108;0;63072
330455;2011;2633;75504;6955;110799;222786;551572;948;1589;0;972786;-807;-68581;-4925;-99215;-208578;-503494;-1045;-1457;0;-888102;1826;6923;2030;11584;14208;48078;-97;132;0;84684
330455;2010;1515;72547;8529;106737;206637;489851;1140;1611;0;888567;-678;-59030;-3674;-99515;-183594;-427907;-6201;-1492;0;-782091;837;13517;4855;7222;23043;61944;-5061;119;0;106476
330455;2009;447;57393;3171;97501;178028;418723;1128;1391;0;757782;-427;-55308;-2800;-86706;-169451;-388892;-1322;-1336;0;-706242;20;2085;371;10795;8577;29831;-194;55;0;51540
330455;2008;1339;61470;3776;94550;177228;426296;1518;1235;0;767412;-877;-52809;-2757;-75164;-163922;-385113;-1309;-1314;0;-683265;462;8661;1019;19386;13306;41183;209;-79;0;84147
330455;2007;566;48545;2409;66965;160501;376844;1259;1361;0;658450;-355;-42738;-2399;-56009;-142723;-327648;-1067;-1325;0;-574264;211;5807;10;10956;17778;49196;192;36;0;84186
330455;2006;286;44057;2952;52087;146462;337570;780;1214;0;585408;-197;-39478;-2136;-42543;-133238;-307876;-723;-999;0;-527190;89;4579;816;9544;13224;29694;57;215;0;58218
330455;2005;805;42369;2839;39795;151618;312746;1265;1033;27;552497;-632;-40421;-1667;-37104;-134035;-275099;-641;-1083;-28;-490710;173;1948;1172;2691;17583;37647;624;-50;-1;61787
330455;2004;1610;39842;2808;40670;141300;283119;1080;1191;0;511620;-477;-34335;-1818;-41089;-123106;-254679;-526;-1017;0;-457047;1133;5507;990;-419;18194;28440;554;174;0;54573
330460;Total;19;763;8;1366;1629;950;0;654;0;5389;-20;-1066;-6;-1304;-1258;-908;0;-626;0;-5188;-1;-303;2;62;371;42;0;28;0;201
330460;2015;0;285;1;52;103;42;0;47;0;530;0;-643;-1;-55;-196;-65;0;-47;0;-1007;0;-358;0;-3;-93;-23;0;0;0;-477
330460;2014;0;23;2;44;199;49;0;55;0;372;-1;-14;-4;-10;-190;-70;0;-63;0;-352;-1;9;-2;34;9;-21;0;-8;0;20
330460;2013;2;27;3;16;253;84;0;55;0;440;-1;-37;0;-36;-190;-63;0;-53;0;-380;1;-10;3;-20;63;21;0;2;0;60
330460;2012;5;24;0;22;268;54;0;40;0;413;-1;-35;0;-3;-173;-54;0;-53;0;-319;4;-11;0;19;95;0;0;-13;0;94
330460;2011;0;49;0;14;293;108;0;81;0;545;0;-23;0;-270;-88;-65;0;-71;0;-517;0;26;0;-256;205;43;0;10;0;28
330460;2010;1;32;0;475;71;120;0;65;0;764;0;-24;-1;-621;-59;-79;0;-53;0;-837;1;8;-1;-146;12;41;0;12;0;-73
330460;2009;1;73;2;551;102;59;0;44;0;832;-1;-77;0;-154;-83;-62;0;-53;0;-430;0;-4;2;397;19;-3;0;-9;0;402
330460;2008;1;60;0;0;35;87;0;62;0;245;-1;-63;0;0;-52;-100;0;-50;0;-266;0;-3;0;0;-17;-13;0;12;0;-21
330460;2007;0;30;0;0;117;56;0;37;0;240;0;-23;0;0;-25;-24;0;-43;0;-115;0;7;0;0;92;32;0;-6;0;125
330460;2006;1;17;0;9;89;35;0;51;0;202;-1;-25;0;-9;-78;-37;0;-49;0;-199;0;-8;0;0;11;-2;0;2;0;3
330460;2005;3;68;0;126;60;33;0;50;0;340;0;-58;0;-74;-48;-32;0;-41;0;-253;3;10;0;52;12;1;0;9;0;87
330460;2004;5;75;0;57;39;223;0;67;0;466;-14;-44;0;-72;-76;-257;0;-50;0;-513;-9;31;0;-15;-37;-34;0;17;0;-47
330470;Total;1044;6484;145;1755;8039;8013;337;987;0;26804;-1043;-5564;-90;-2024;-7151;-6985;-657;-969;0;-24483;1;920;55;-269;888;1028;-320;18;0;2321
330470;2015;36;524;7;100;698;571;2;64;0;2002;-60;-591;-6;-126;-763;-611;-1;-69;0;-2227;-24;-67;1;-26;-65;-40;1;-5;0;-225
330470;2014;70;932;3;179;743;637;0;82;0;2646;-84;-767;-6;-201;-716;-720;-6;-73;0;-2573;-14;165;-3;-22;27;-83;-6;9;0;73
330470;2013;82;839;12;368;775;1326;0;75;0;3477;-104;-736;-4;-391;-785;-789;-11;-65;0;-2885;-22;103;8;-23;-10;537;-11;10;0;592
330470;2012;84;824;9;170;994;835;167;54;0;3137;-117;-662;-15;-355;-908;-1024;-519;-92;0;-3692;-33;162;-6;-185;86;-189;-352;-38;0;-555
330470;2011;107;655;15;284;737;794;111;70;0;2773;-70;-523;-11;-348;-623;-707;-107;-62;0;-2451;37;132;4;-64;114;87;4;8;0;322
330470;2010;63;672;13;51;715;558;51;78;0;2201;-73;-561;-2;-79;-572;-547;-9;-77;0;-1920;-10;111;11;-28;143;11;42;1;0;281
330470;2009;115;434;22;160;581;1053;6;68;0;2439;-107;-361;-8;-102;-463;-852;-4;-81;0;-1978;8;73;14;58;118;201;2;-13;0;461
330470;2008;76;348;59;97;548;562;0;113;0;1803;-66;-275;-25;-56;-453;-336;0;-84;0;-1295;10;73;34;41;95;226;0;29;0;508
330470;2007;91;327;2;67;465;340;0;80;0;1372;-103;-268;-7;-69;-453;-378;0;-143;0;-1421;-12;59;-5;-2;12;-38;0;-63;0;-49
330470;2006;102;279;3;60;556;446;0;71;0;1517;-106;-285;-1;-65;-412;-380;0;-58;0;-1307;-4;-6;2;-5;144;66;0;13;0;210
330470;2005;136;334;0;123;565;607;0;152;0;1917;-99;-276;-3;-133;-463;-358;0;-101;0;-1433;37;58;-3;-10;102;249;0;51;0;484
330470;2004;82;316;0;96;662;284;0;80;0;1520;-54;-259;-2;-99;-540;-283;0;-64;0;-1301;28;57;-2;-3;122;1;0;16;0;219
330475;Total;19;277;8;650;2656;920;18;5614;0;10162;-4;-282;-7;-680;-2309;-797;-17;-5483;0;-9579;15;-5;1;-30;347;123;1;131;0;583
330475;2015;0;42;0;47;304;113;0;407;0;913;0;-51;0;-64;-267;-86;0;-457;0;-925;0;-9;0;-17;37;27;0;-50;0;-12
330475;2014;0;67;0;73;282;97;0;649;0;1168;0;-50;0;-52;-253;-81;0;-724;0;-1160;0;17;0;21;29;16;0;-75;0;8
330475;2013;0;49;0;27;323;96;0;669;0;1164;0;-34;-2;-36;-288;-75;0;-686;0;-1121;0;15;-2;-9;35;21;0;-17;0;43
330475;2012;0;41;0;42;274;115;0;792;0;1264;0;-33;0;-51;-248;-71;0;-775;0;-1178;0;8;0;-9;26;44;0;17;0;86
330475;2011;16;14;0;48;262;86;0;1016;0;1442;0;-26;0;-63;-241;-65;0;-1113;0;-1508;16;-12;0;-15;21;21;0;-97;0;-66
330475;2010;3;16;1;92;222;86;0;738;0;1158;-2;-18;0;-157;-184;-65;0;-812;0;-1238;1;-2;1;-65;38;21;0;-74;0;-80
330475;2009;0;9;0;76;175;76;0;186;0;522;-2;-16;0;-56;-157;-76;0;-105;0;-412;-2;-7;0;20;18;0;0;81;0;110
330475;2008;0;9;0;33;164;44;0;115;0;365;0;-9;0;-49;-140;-72;0;-136;0;-406;0;0;0;-16;24;-28;0;-21;0;-41
330475;2007;0;4;0;85;159;50;3;99;0;400;0;-18;0;-54;-161;-31;-4;-143;0;-411;0;-14;0;31;-2;19;-1;-44;0;-11
330475;2006;0;9;0;53;178;46;1;245;0;532;0;-6;0;-40;-145;-94;-1;-109;0;-395;0;3;0;13;33;-48;0;136;0;137
330475;2005;0;7;0;25;186;53;12;617;0;900;0;-14;-1;-33;-111;-38;-12;-338;0;-547;0;-7;-1;-8;75;15;0;279;0;353
330475;2004;0;10;7;49;127;58;2;81;0;334;0;-7;-4;-25;-114;-43;0;-85;0;-278;0;3;3;24;13;15;2;-4;0;56
330480;Total;88;1293;1;2443;4159;3548;2;1564;0;13098;-76;-1244;-1;-2301;-3913;-4332;-3;-1758;0;-13628;12;49;0;142;246;-784;-1;-194;0;-530
330480;2015;4;53;0;216;399;215;0;47;0;934;-6;-86;0;-159;-398;-197;0;-74;0;-920;-2;-33;0;57;1;18;0;-27;0;14
330480;2014;12;97;0;231;478;312;0;59;0;1189;-10;-90;0;-139;-464;-238;0;-65;0;-1006;2;7;0;92;14;74;0;-6;0;183
330480;2013;16;127;0;176;516;214;0;74;0;1123;-8;-102;0;-146;-463;-139;-1;-52;0;-911;8;25;0;30;53;75;-1;22;0;212
330480;2012;10;110;0;81;451;231;0;59;0;942;-3;-89;0;-90;-442;-115;0;-61;0;-800;7;21;0;-9;9;116;0;-2;0;142
330480;2011;3;114;0;133;445;115;0;80;0;890;-11;-111;0;-133;-362;-178;0;-72;0;-867;-8;3;0;0;83;-63;0;8;0;23
330480;2010;13;120;0;134;372;151;1;56;0;847;-4;-122;0;-212;-261;-154;0;-68;0;-821;9;-2;0;-78;111;-3;1;-12;0;26
330480;2009;12;99;0;82;245;367;0;64;0;869;-8;-123;0;-333;-241;-913;0;-130;0;-1748;4;-24;0;-251;4;-546;0;-66;0;-879
330480;2008;4;119;0;568;214;491;0;128;0;1524;-2;-122;0;-343;-294;-295;0;-194;0;-1250;2;-3;0;225;-80;196;0;-66;0;274
330480;2007;8;107;1;180;317;462;0;113;0;1188;-5;-93;-1;-148;-242;-1129;-2;-139;0;-1759;3;14;0;32;75;-667;-2;-26;0;-571
330480;2006;1;60;0;196;224;205;0;179;0;865;-5;-132;0;-272;-226;-403;0;-234;0;-1272;-4;-72;0;-76;-2;-198;0;-55;0;-407
330480;2005;2;168;0;306;266;586;1;428;0;1757;-6;-81;0;-207;-272;-398;0;-475;0;-1439;-4;87;0;99;-6;188;1;-47;0;318
330480;2004;3;119;0;140;232;199;0;277;0;970;-8;-93;0;-119;-248;-173;0;-194;0;-835;-5;26;0;21;-16;26;0;83;0;135
330490;Total;402;63577;4157;35711;185649;168995;11;1113;0;459615;-401;-62314;-3996;-33231;-175957;-155809;-12;-1110;0;-432830;1;1263;161;2480;9692;13186;-1;3;0;26785
330490;2015;31;4400;416;3562;18343;15896;0;183;0;42831;-36;-5547;-447;-3762;-19705;-17777;0;-203;0;-47477;-5;-1147;-31;-200;-1362;-1881;0;-20;0;-4646
330490;2014;50;5607;815;6005;21019;21833;0;197;0;55526;-27;-6497;-680;-5915;-21020;-19741;0;-192;0;-54072;23;-890;135;90;-1;2092;0;5;0;1454
330490;2013;28;5877;805;4491;20015;19921;2;85;0;51224;-30;-5967;-1089;-4201;-20127;-16875;-1;-104;0;-48394;-2;-90;-284;290;-112;3046;1;-19;0;2830
330490;2012;52;6121;570;3813;19301;17505;1;178;0;47541;-36;-6187;-579;-3640;-18846;-15646;-1;-161;0;-45096;16;-66;-9;173;455;1859;0;17;0;2445
330490;2011;33;6114;510;3459;18590;16214;2;88;0;45010;-40;-5987;-405;-2806;-17100;-13818;-1;-84;0;-40241;-7;127;105;653;1490;2396;1;4;0;4769
330490;2010;30;6552;685;3167;15942;12802;4;59;0;39241;-23;-6271;-560;-2299;-14097;-11324;-3;-68;0;-34645;7;281;125;868;1845;1478;1;-9;0;4596
330490;2009;30;6142;88;1932;13387;10806;1;86;0;32472;-33;-5067;-70;-2225;-13029;-10288;0;-76;0;-30788;-3;1075;18;-293;358;518;1;10;0;1684
330490;2008;41;5186;58;2744;12879;12279;0;71;0;33258;-49;-5165;-36;-2332;-12375;-10592;-1;-52;0;-30602;-8;21;22;412;504;1687;-1;19;0;2656
330490;2007;33;4902;42;1972;12440;10646;1;43;0;30079;-42;-4337;-41;-1775;-10553;-9748;0;-31;0;-26527;-9;565;1;197;1887;898;1;12;0;3552
330490;2006;22;5189;97;2192;11146;10757;0;30;0;29433;-19;-4446;-29;-1683;-10490;-9147;0;-28;0;-25842;3;743;68;509;656;1610;0;2;0;3591
330490;2005;30;3837;54;1197;11654;10116;0;56;0;26944;-14;-3644;-25;-1214;-10050;-11533;0;-51;0;-26531;16;193;29;-17;1604;-1417;0;5;0;413
330490;2004;22;3650;17;1177;10933;10220;0;37;0;26056;-52;-3199;-35;-1379;-8565;-9320;-5;-60;0;-22615;-30;451;-18;-202;2368;900;-5;-23;0;3441
330500;Total;58;3918;4;18071;3577;4607;34;530;0;30799;-25;-3525;-3;-17087;-3171;-4388;-245;-589;0;-29033;33;393;1;984;406;219;-211;-59;0;1766
330500;2015;45;331;2;1662;332;690;0;25;0;3087;-17;-370;-3;-1960;-328;-952;-2;-23;0;-3655;28;-39;-1;-298;4;-262;-2;2;0;-568
330500;2014;3;657;0;2508;417;914;0;32;0;4531;-2;-370;0;-3228;-416;-836;-5;-57;0;-4914;1;287;0;-720;1;78;-5;-25;0;-383
330500;2013;0;536;0;3769;413;628;0;42;0;5388;0;-705;0;-4497;-369;-657;-15;-46;0;-6289;0;-169;0;-728;44;-29;-15;-4;0;-901
330500;2012;0;698;0;3040;315;554;0;23;0;4630;0;-231;0;-2681;-344;-471;-16;-32;0;-3775;0;467;0;359;-29;83;-16;-9;0;855
330500;2011;2;186;0;2002;359;575;9;32;0;3165;0;-166;0;-1058;-320;-448;-48;-50;0;-2090;2;20;0;944;39;127;-39;-18;0;1075
330500;2010;1;187;0;1366;325;442;0;46;0;2367;-2;-162;0;-1233;-297;-332;-28;-56;0;-2110;-1;25;0;133;28;110;-28;-10;0;257
330500;2009;0;160;0;1384;282;221;4;44;0;2095;0;-205;0;-1077;-272;-211;-56;-35;0;-1856;0;-45;0;307;10;10;-52;9;0;239
330500;2008;3;167;2;1488;285;207;0;33;0;2185;0;-180;0;-853;-196;-143;-33;-52;0;-1457;3;-13;2;635;89;64;-33;-19;0;728
330500;2007;2;147;0;409;212;111;3;52;0;936;0;-232;0;-183;-178;-107;-21;-51;0;-772;2;-85;0;226;34;4;-18;1;0;164
330500;2006;0;297;0;153;218;96;0;89;0;853;-2;-356;0;-134;-165;-104;-2;-69;0;-832;-2;-59;0;19;53;-8;-2;20;0;21
330500;2005;1;374;0;257;236;76;1;59;0;1004;-2;-397;0;-126;-145;-64;-1;-56;0;-791;-1;-23;0;131;91;12;0;3;0;213
330500;2004;1;178;0;33;183;93;17;53;0;558;0;-151;0;-57;-141;-63;-18;-62;0;-492;1;27;0;-24;42;30;-1;-9;0;66
330510;Total;6;26302;695;11265;99217;117625;5;73;0;255188;-8;-25035;-677;-11284;-94401;-104885;-8;-65;0;-236363;-2;1267;18;-19;4816;12740;-3;8;0;18825
330510;2015;0;1788;127;1803;8855;11128;0;0;0;23701;0;-2528;-97;-2617;-9777;-12244;0;0;0;-27263;0;-740;30;-814;-922;-1116;0;0;0;-3562
330510;2014;0;2456;101;2345;10720;14895;0;5;0;30522;0;-2611;-91;-2248;-10761;-13482;0;-10;0;-29203;0;-155;10;97;-41;1413;0;-5;0;1319
330510;2013;0;2597;111;1385;10605;15757;0;12;0;30467;0;-2341;-91;-765;-9996;-14975;0;-7;0;-28175;0;256;20;620;609;782;0;5;0;2292
330510;2012;0;2581;77;654;9681;12357;0;8;0;25358;0;-2446;-81;-1091;-9411;-10070;0;-6;0;-23105;0;135;-4;-437;270;2287;0;2;0;2253
330510;2011;6;2366;101;1335;9589;12266;0;13;0;25676;-5;-2258;-85;-1549;-9442;-10492;0;-7;0;-23838;1;108;16;-214;147;1774;0;6;0;1838
330510;2010;0;2208;5;1037;9916;11133;0;22;0;24321;0;-2181;-6;-491;-8564;-8494;0;-23;0;-19759;0;27;-1;546;1352;2639;0;-1;0;4562
330510;2009;0;2056;48;343;7661;9074;0;0;0;19182;0;-1901;-175;-387;-7262;-7304;-3;-1;0;-17033;0;155;-127;-44;399;1770;-3;-1;0;2149
330510;2008;0;2563;36;801;7303;7531;0;2;0;18236;-3;-2357;-34;-606;-7045;-6564;0;-4;0;-16613;-3;206;2;195;258;967;0;-2;0;1623
330510;2007;0;2380;0;256;6433;6034;0;5;0;15108;0;-1978;-4;-171;-5932;-5190;0;-4;0;-13279;0;402;-4;85;501;844;0;1;0;1829
330510;2006;0;2140;13;474;6271;6231;0;0;0;15129;0;-1714;-3;-467;-5691;-5831;0;-1;0;-13707;0;426;10;7;580;400;0;-1;0;1422
330510;2005;0;1498;67;462;6293;6038;5;4;0;14367;0;-1311;-6;-423;-5486;-5169;-5;-1;0;-12401;0;187;61;39;807;869;0;3;0;1966
330510;2004;0;1669;9;370;5890;5181;0;2;0;13121;0;-1409;-4;-469;-5034;-5070;0;-1;0;-11987;0;260;5;-99;856;111;0;1;0;1134
330513;Total;68;27;0;41;465;167;0;169;0;937;-62;-19;0;-58;-393;-127;0;-142;0;-801;6;8;0;-17;72;40;0;27;0;136
330513;2015;2;0;0;0;44;15;0;16;0;77;0;0;0;-6;-48;-21;0;-15;0;-90;2;0;0;-6;-4;-6;0;1;0;-13
330513;2014;0;1;0;3;52;27;0;13;0;96;0;-5;0;-6;-46;-14;0;-11;0;-82;0;-4;0;-3;6;13;0;2;0;14
330513;2013;0;0;0;1;39;19;0;8;0;67;-2;-1;0;-4;-34;-9;0;-6;0;-56;-2;-1;0;-3;5;10;0;2;0;11
330513;2012;2;5;0;4;57;12;0;3;0;83;-6;-2;0;-7;-44;-15;0;-13;0;-87;-4;3;0;-3;13;-3;0;-10;0;-4
330513;2011;0;11;0;12;21;9;0;25;0;78;-9;-4;0;-12;-33;-5;0;-16;0;-79;-9;7;0;0;-12;4;0;9;0;-1
330513;2010;6;0;0;2;29;10;0;16;0;63;-6;-2;0;-10;-49;-9;0;-14;0;-90;0;-2;0;-8;-20;1;0;2;0;-27
330513;2009;15;1;0;14;66;15;0;12;0;123;-8;0;0;-12;-52;-1;0;-13;0;-86;7;1;0;2;14;14;0;-1;0;37
330513;2008;7;1;0;5;85;9;0;20;0;127;-13;-2;0;-1;-53;-7;0;-17;0;-93;-6;-1;0;4;32;2;0;3;0;34
330513;2007;12;2;0;0;26;6;0;19;0;65;-10;0;0;0;-11;-10;0;-14;0;-45;2;2;0;0;15;-4;0;5;0;20
330513;2006;6;1;0;0;18;11;0;13;0;49;-3;0;0;0;-11;-5;0;-7;0;-26;3;1;0;0;7;6;0;6;0;23
330513;2005;9;3;0;0;18;31;0;14;0;75;-5;-2;0;0;-8;-29;0;-9;0;-53;4;1;0;0;10;2;0;5;0;22
330513;2004;9;2;0;0;10;3;0;10;0;34;0;-1;0;0;-4;-2;0;-7;0;-14;9;1;0;0;6;1;0;3;0;20
330515;Total;5;2407;1;85;2934;1619;0;5027;0;12078;-6;-2056;0;-65;-2373;-1374;0;-4985;0;-10859;-1;351;1;20;561;245;0;42;0;1219
330515;2015;0;354;1;56;370;73;0;306;0;1160;0;-228;0;-50;-282;-68;0;-330;0;-958;0;126;1;6;88;5;0;-24;0;202
330515;2014;5;251;0;3;353;92;0;320;0;1024;-3;-232;0;-4;-297;-84;0;-316;0;-936;2;19;0;-1;56;8;0;4;0;88
330515;2013;0;224;0;6;310;82;0;406;0;1028;0;-216;0;-3;-284;-86;0;-372;0;-961;0;8;0;3;26;-4;0;34;0;67
330515;2012;0;260;0;8;290;72;0;337;0;967;0;-265;0;-3;-259;-53;0;-342;0;-922;0;-5;0;5;31;19;0;-5;0;45
330515;2011;0;266;0;1;285;81;0;421;0;1054;0;-240;0;-1;-228;-40;0;-399;0;-908;0;26;0;0;57;41;0;22;0;146
330515;2010;0;261;0;2;315;83;0;404;0;1065;0;-186;0;0;-211;-151;0;-407;0;-955;0;75;0;2;104;-68;0;-3;0;110
330515;2009;0;170;0;0;267;439;0;343;0;1219;0;-151;0;0;-194;-406;0;-333;0;-1084;0;19;0;0;73;33;0;10;0;135
330515;2008;0;127;0;0;189;108;0;372;0;796;0;-105;0;0;-136;-133;0;-351;0;-725;0;22;0;0;53;-25;0;21;0;71
330515;2007;0;104;0;1;141;100;0;407;0;753;-1;-100;0;0;-122;-121;0;-467;0;-811;-1;4;0;1;19;-21;0;-60;0;-58
330515;2006;0;138;0;1;130;169;0;596;0;1034;0;-119;0;-1;-113;-67;0;-603;0;-903;0;19;0;0;17;102;0;-7;0;131
330515;2005;0;109;0;5;128;279;0;593;0;1114;-1;-106;0;-1;-123;-136;0;-569;0;-936;-1;3;0;4;5;143;0;24;0;178
330515;2004;0;143;0;2;156;41;0;522;0;864;-1;-108;0;-2;-124;-29;0;-496;0;-760;-1;35;0;0;32;12;0;26;0;104
330520;Total;371;1113;754;4149;18916;8242;41;258;0;33844;-350;-996;-522;-3868;-17696;-7747;-31;-239;0;-31449;21;117;232;281;1220;495;10;19;0;2395
330520;2015;19;114;85;359;2381;1065;0;9;0;4032;-34;-131;-85;-373;-2392;-1231;0;-22;0;-4268;-15;-17;0;-14;-11;-166;0;-13;0;-236
330520;2014;56;215;133;629;2785;1148;0;23;0;4989;-38;-172;-111;-471;-2477;-973;0;-20;0;-4262;18;43;22;158;308;175;0;3;0;727
330520;2013;36;160;110;268;2047;876;2;17;0;3516;-29;-115;-93;-322;-2028;-838;-3;-24;0;-3452;7;45;17;-54;19;38;-1;-7;0;64
330520;2012;28;96;207;390;1640;689;7;26;0;3083;-30;-184;-88;-299;-1671;-756;-7;-19;0;-3054;-2;-88;119;91;-31;-67;0;7;0;29
330520;2011;27;112;98;250;1588;778;4;18;0;2875;-17;-91;-52;-165;-1519;-655;-7;-16;0;-2522;10;21;46;85;69;123;-3;2;0;353
330520;2010;24;116;76;217;1760;659;7;33;0;2892;-17;-96;-61;-198;-1535;-522;-3;-15;0;-2447;7;20;15;19;225;137;4;18;0;445
330520;2009;24;102;17;132;1351;649;7;29;0;2311;-29;-69;-12;-203;-1299;-558;-4;-22;0;-2196;-5;33;5;-71;52;91;3;7;0;115
330520;2008;30;89;16;160;1321;568;5;16;0;2205;-35;-39;-13;-230;-1194;-476;0;-23;0;-2010;-5;50;3;-70;127;92;5;-7;0;195
330520;2007;23;36;4;475;1213;483;2;36;0;2272;-29;-12;-2;-453;-1000;-591;-2;-25;0;-2114;-6;24;2;22;213;-108;0;11;0;158
330520;2006;29;22;6;537;1057;484;3;18;0;2156;-26;-25;-5;-902;-885;-406;-3;-19;0;-2271;3;-3;1;-365;172;78;0;-1;0;-115
330520;2005;51;30;0;662;910;401;1;20;0;2075;-48;-18;0;-170;-886;-372;-2;-15;0;-1511;3;12;0;492;24;29;-1;5;0;564
330520;2004;24;21;2;70;863;442;3;13;0;1438;-18;-44;0;-82;-810;-369;0;-19;0;-1342;6;-23;2;-12;53;73;3;-6;0;96
330530;Total;0;179;0;0;306;218;4;389;0;1096;-1;-111;0;0;-277;-119;-1;-372;0;-881;-1;68;0;0;29;99;3;17;0;215
330530;2015;0;19;0;0;30;21;0;19;0;89;0;-6;0;0;-35;-15;0;-22;0;-78;0;13;0;0;-5;6;0;-3;0;11
330530;2014;0;23;0;0;36;17;0;39;0;115;0;-11;0;0;-22;-15;0;-29;0;-77;0;12;0;0;14;2;0;10;0;38
330530;2013;0;16;0;0;39;18;0;28;0;101;0;-6;0;0;-32;-24;0;-35;0;-97;0;10;0;0;7;-6;0;-7;0;4
330530;2012;0;4;0;0;24;20;0;38;0;86;0;-5;0;0;-18;-16;0;-32;0;-71;0;-1;0;0;6;4;0;6;0;15
330530;2011;0;32;0;0;30;12;0;29;0;103;0;-29;0;0;-32;-12;0;-24;0;-97;0;3;0;0;-2;0;0;5;0;6
330530;2010;0;26;0;0;41;39;0;33;0;139;0;-8;0;0;-40;-10;0;-38;0;-96;0;18;0;0;1;29;0;-5;0;43
330530;2009;0;9;0;0;30;20;0;53;0;112;0;-21;0;0;-34;-18;0;-29;0;-102;0;-12;0;0;-4;2;0;24;0;10
330530;2008;0;3;0;0;23;0;4;27;0;57;0;-7;0;0;-19;-1;0;-37;0;-64;0;-4;0;0;4;-1;4;-10;0;-7
330530;2007;0;7;0;0;12;1;0;25;0;45;0;-1;0;0;-5;0;-1;-35;0;-42;0;6;0;0;7;1;-1;-10;0;3
330530;2006;0;26;0;0;25;6;0;41;0;98;0;-5;0;0;-24;-4;0;-26;0;-59;0;21;0;0;1;2;0;15;0;39
330530;2005;0;3;0;0;5;63;0;26;0;97;-1;-8;0;0;-10;-4;0;-29;0;-52;-1;-5;0;0;-5;59;0;-3;0;45
330530;2004;0;11;0;0;11;1;0;31;0;54;0;-4;0;0;-6;0;0;-36;0;-46;0;7;0;0;5;1;0;-5;0;8
330540;Total;230;3025;13;2640;4389;3157;4;1210;0;14668;-254;-2451;-11;-1325;-3887;-2891;-4;-1176;0;-11999;-24;574;2;1315;502;266;0;34;0;2669
330540;2015;0;249;0;21;416;245;0;67;0;998;-12;-276;0;-55;-378;-251;0;-70;0;-1042;-12;-27;0;-34;38;-6;0;-3;0;-44
330540;2014;4;372;0;51;426;298;0;95;0;1246;-14;-294;-1;-66;-396;-264;0;-111;0;-1146;-10;78;-1;-15;30;34;0;-16;0;100
330540;2013;17;340;2;40;378;319;0;105;0;1201;-22;-305;-2;-30;-403;-309;0;-86;0;-1157;-5;35;0;10;-25;10;0;19;0;44
330540;2012;20;349;4;41;435;353;0;98;0;1300;-24;-294;0;-35;-467;-308;0;-124;0;-1252;-4;55;4;6;-32;45;0;-26;0;48
330540;2011;40;374;3;87;489;343;0;176;0;1512;-35;-304;-1;-66;-432;-343;0;-138;0;-1319;5;70;2;21;57;0;0;38;0;193
330540;2010;35;414;3;45;452;332;0;130;0;1411;-31;-306;0;-48;-334;-272;0;-115;0;-1106;4;108;3;-3;118;60;0;15;0;305
330540;2009;31;286;1;15;334;238;3;147;0;1055;-34;-207;-1;-13;-300;-213;-3;-115;0;-886;-3;79;0;2;34;25;0;32;0;169
330540;2008;36;344;0;2268;334;250;1;78;0;3311;-21;-233;-6;-943;-283;-257;-1;-85;0;-1829;15;111;-6;1325;51;-7;0;-7;0;1482
330540;2007;11;148;0;23;313;243;0;99;0;837;-14;-121;0;-21;-269;-210;0;-149;0;-784;-3;27;0;2;44;33;0;-50;0;53
330540;2006;9;68;0;27;297;148;0;108;0;657;-15;-36;0;-31;-203;-159;0;-78;0;-522;-6;32;0;-4;94;-11;0;30;0;135
330540;2005;7;42;0;12;295;194;0;58;0;608;-20;-44;0;-12;-253;-175;0;-47;0;-551;-13;-2;0;0;42;19;0;11;0;57
330540;2004;20;39;0;10;220;194;0;49;0;532;-12;-31;0;-5;-169;-130;0;-58;0;-405;8;8;0;5;51;64;0;-9;0;127
330550;Total;88;5377;43;8469;16971;38436;5;656;0;70045;-80;-4732;-20;-8243;-15216;-34346;-2;-606;0;-63245;8;645;23;226;1755;4090;3;50;0;6800
330550;2015;1;632;19;511;1812;5552;0;63;0;8590;-3;-855;-12;-415;-1849;-6677;0;-73;0;-9884;-2;-223;7;96;-37;-1125;0;-10;0;-1294
330550;2014;13;1031;18;948;1899;5866;0;79;0;9854;-9;-974;-8;-1115;-1799;-4811;0;-82;0;-8798;4;57;10;-167;100;1055;0;-3;0;1056
330550;2013;8;787;6;1520;2228;3504;0;72;0;8125;-8;-685;0;-2381;-2003;-2748;0;-94;0;-7919;0;102;6;-861;225;756;0;-22;0;206
330550;2012;2;826;0;2220;1693;3548;5;96;0;8390;-4;-795;0;-1499;-1473;-3521;-2;-84;0;-7378;-2;31;0;721;220;27;3;12;0;1012
330550;2011;7;854;0;1222;1337;3861;0;61;0;7342;-11;-604;0;-917;-1164;-3399;0;-51;0;-6146;-4;250;0;305;173;462;0;10;0;1196
330550;2010;13;444;0;637;1164;3886;0;55;0;6199;-10;-250;0;-623;-999;-3032;0;-42;0;-4956;3;194;0;14;165;854;0;13;0;1243
330550;2009;11;184;0;521;1093;3762;0;54;0;5625;-3;-107;0;-332;-1102;-3245;0;-41;0;-4830;8;77;0;189;-9;517;0;13;0;795
330550;2008;7;140;0;358;1501;3364;0;35;0;5405;-11;-108;0;-461;-1329;-3124;0;-34;0;-5067;-4;32;0;-103;172;240;0;1;0;338
330550;2007;5;115;0;233;1306;2693;0;28;0;4380;-9;-78;0;-261;-1228;-2199;0;-25;0;-3800;-4;37;0;-28;78;494;0;3;0;580
330550;2006;3;102;0;264;1152;1437;0;29;0;2987;-3;-81;0;-183;-860;-867;0;-19;0;-2013;0;21;0;81;292;570;0;10;0;974
330550;2005;16;183;0;9;986;652;0;45;0;1891;-9;-91;0;-16;-708;-404;0;-27;0;-1255;7;92;0;-7;278;248;0;18;0;636
330550;2004;2;79;0;26;800;311;0;39;0;1257;0;-104;0;-40;-702;-319;0;-34;0;-1199;2;-25;0;-14;98;-8;0;5;0;58
330555;Total;1737;4651;52;10000;8967;7465;0;184;0;33056;-1489;-3974;-41;-8593;-7818;-5868;0;-204;0;-27987;248;677;11;1407;1149;1597;0;-20;0;5069
330555;2015;235;615;0;398;1287;856;0;9;0;3400;-255;-506;0;-570;-1056;-750;0;-23;0;-3160;-20;109;0;-172;231;106;0;-14;0;240
330555;2014;286;513;0;1347;1061;900;0;17;0;4124;-249;-401;-2;-2803;-1061;-627;0;-17;0;-5160;37;112;-2;-1456;0;273;0;0;0;-1036
330555;2013;156;349;6;2345;1019;818;0;13;0;4706;-153;-346;-10;-1420;-881;-652;0;-16;0;-3478;3;3;-4;925;138;166;0;-3;0;1228
330555;2012;240;588;0;1827;896;1081;0;24;0;4656;-149;-475;-1;-786;-828;-814;0;-12;0;-3065;91;113;-1;1041;68;267;0;12;0;1591
330555;2011;185;423;17;1395;855;877;0;14;0;3766;-155;-351;-7;-731;-769;-683;0;-16;0;-2712;30;72;10;664;86;194;0;-2;0;1054
330555;2010;159;409;26;1188;746;691;0;15;0;3234;-140;-414;-5;-1041;-584;-521;0;-25;0;-2730;19;-5;21;147;162;170;0;-10;0;504
330555;2009;142;387;0;624;571;519;0;8;0;2251;-93;-303;-1;-389;-507;-390;0;-18;0;-1701;49;84;-1;235;64;129;0;-10;0;550
330555;2008;111;306;0;485;670;520;0;10;0;2102;-80;-302;-2;-411;-520;-417;0;-6;0;-1738;31;4;-2;74;150;103;0;4;0;364
330555;2007;65;267;0;109;503;403;0;12;0;1359;-43;-264;-2;-216;-618;-294;0;-6;0;-1443;22;3;-2;-107;-115;109;0;6;0;-84
330555;2006;50;352;0;146;499;378;0;8;0;1433;-59;-311;-3;-93;-372;-374;0;-28;0;-1240;-9;41;-3;53;127;4;0;-20;0;193
330555;2005;40;282;2;34;468;309;0;27;0;1162;-63;-186;-7;-69;-332;-195;0;-28;0;-880;-23;96;-5;-35;136;114;0;-1;0;282
330555;2004;68;160;1;102;392;113;0;27;0;863;-50;-115;-1;-64;-290;-151;0;-9;0;-680;18;45;0;38;102;-38;0;18;0;183
330560;Total;11;529;158;1173;2205;1761;1;1525;0;7363;-17;-510;-127;-1136;-1962;-1515;-5;-1712;0;-6984;-6;19;31;37;243;246;-4;-187;0;379
330560;2015;2;69;6;49;190;250;0;75;0;641;-2;-54;-2;-92;-217;-220;0;-113;0;-700;0;15;4;-43;-27;30;0;-38;0;-59
330560;2014;3;29;2;232;252;285;0;190;0;993;-3;-31;-3;-145;-266;-170;0;-203;0;-821;0;-2;-1;87;-14;115;0;-13;0;172
330560;2013;5;31;9;126;241;161;0;177;0;750;-7;-44;-15;-78;-223;-127;0;-186;0;-680;-2;-13;-6;48;18;34;0;-9;0;70
330560;2012;0;45;11;41;321;83;1;108;0;610;0;-55;-16;-45;-297;-84;-2;-122;0;-621;0;-10;-5;-4;24;-1;-1;-14;0;-11
330560;2011;0;60;19;53;182;242;0;118;0;674;0;-55;-26;-45;-177;-229;0;-133;0;-665;0;5;-7;8;5;13;0;-15;0;9
330560;2010;0;45;27;58;186;133;0;92;0;541;0;-29;-17;-61;-180;-135;0;-154;0;-576;0;16;10;-3;6;-2;0;-62;0;-35
330560;2009;0;39;14;65;189;126;0;112;0;545;0;-52;-5;-34;-128;-133;0;-125;0;-477;0;-13;9;31;61;-7;0;-13;0;68
330560;2008;0;48;30;44;128;111;0;115;0;476;0;-37;-19;-147;-119;-149;0;-167;0;-638;0;11;11;-103;9;-38;0;-52;0;-162
330560;2007;0;51;0;158;134;126;0;147;0;616;-2;-41;0;-141;-125;-64;0;-145;0;-518;-2;10;0;17;9;62;0;2;0;98
330560;2006;0;32;12;58;155;114;0;147;0;518;-1;-38;-12;-106;-101;-112;0;-112;0;-482;-1;-6;0;-48;54;2;0;35;0;36
330560;2005;0;38;11;184;141;72;0;113;0;559;-1;-29;-4;-135;-72;-36;-3;-129;0;-409;-1;9;7;49;69;36;-3;-16;0;150
330560;2004;1;42;17;105;86;58;0;131;0;440;-1;-45;-8;-107;-57;-56;0;-123;0;-397;0;-3;9;-2;29;2;0;8;0;43
330570;Total;0;1257;0;3;911;831;5;459;0;3466;0;-1065;0;-11;-786;-606;-1;-377;0;-2846;0;192;0;-8;125;225;4;82;0;620
330570;2015;0;110;0;0;75;94;0;42;0;321;0;-109;0;0;-81;-114;0;-35;0;-339;0;1;0;0;-6;-20;0;7;0;-18
330570;2014;0;116;0;2;90;201;0;34;0;443;0;-142;0;-1;-72;-99;0;-32;0;-346;0;-26;0;1;18;102;0;2;0;97
330570;2013;0;148;0;1;106;112;0;27;0;394;0;-177;0;0;-103;-57;0;-30;0;-367;0;-29;0;1;3;55;0;-3;0;27
330570;2012;0;148;0;0;99;72;0;46;0;365;0;-138;0;0;-96;-54;0;-27;0;-315;0;10;0;0;3;18;0;19;0;50
330570;2011;0;167;0;0;100;69;0;58;0;394;0;-126;0;0;-108;-30;0;-38;0;-302;0;41;0;0;-8;39;0;20;0;92
330570;2010;0;147;0;0;98;31;0;49;0;325;0;-91;0;0;-73;-24;0;-50;0;-238;0;56;0;0;25;7;0;-1;0;87
330570;2009;0;96;0;0;64;62;0;28;0;250;0;-81;0;0;-49;-44;0;-20;0;-194;0;15;0;0;15;18;0;8;0;56
330570;2008;0;145;0;0;77;71;0;39;0;332;0;-68;0;0;-53;-39;0;-28;0;-188;0;77;0;0;24;32;0;11;0;144
330570;2007;0;59;0;0;55;35;2;18;0;169;0;-37;0;0;-32;-44;0;-23;0;-136;0;22;0;0;23;-9;2;-5;0;33
330570;2006;0;44;0;0;40;32;1;35;0;152;0;-38;0;-6;-34;-19;0;-27;0;-124;0;6;0;-6;6;13;1;8;0;28
330570;2005;0;49;0;0;64;27;1;36;0;177;0;-34;0;0;-43;-59;0;-38;0;-174;0;15;0;0;21;-32;1;-2;0;3
330570;2004;0;28;0;0;43;25;1;47;0;144;0;-24;0;-4;-42;-23;-1;-29;0;-123;0;4;0;-4;1;2;0;18;0;21
330575;Total;217;1953;184;4167;2910;3949;403;319;0;14102;-275;-1852;-183;-3461;-2547;-3184;-295;-332;0;-12129;-58;101;1;706;363;765;108;-13;0;1973
330575;2015;2;65;0;269;211;339;0;28;0;914;-24;-113;0;-200;-275;-394;0;-37;0;-1043;-22;-48;0;69;-64;-55;0;-9;0;-129
330575;2014;11;195;0;273;277;469;0;37;0;1262;-41;-202;0;-308;-203;-414;0;-35;0;-1203;-30;-7;0;-35;74;55;0;2;0;59
330575;2013;18;272;0;429;348;590;0;36;0;1693;-46;-208;0;-272;-347;-486;0;-35;0;-1394;-28;64;0;157;1;104;0;1;0;299
330575;2012;48;280;0;390;320;726;0;32;0;1796;-45;-244;0;-378;-298;-493;0;-33;0;-1491;3;36;0;12;22;233;0;-1;0;305
330575;2011;32;223;31;343;264;501;0;37;0;1431;-21;-258;-84;-771;-240;-366;0;-36;0;-1776;11;-35;-53;-428;24;135;0;1;0;-345
330575;2010;31;176;56;380;287;379;31;20;0;1360;-16;-157;-3;-331;-262;-249;-25;-28;0;-1071;15;19;53;49;25;130;6;-8;0;289
330575;2009;10;146;0;445;230;200;63;36;0;1130;-12;-188;-1;-366;-181;-176;-30;-33;0;-987;-2;-42;-1;79;49;24;33;3;0;143
330575;2008;26;248;0;695;232;101;127;24;0;1453;-25;-187;-38;-497;-179;-100;-68;-28;0;-1122;1;61;-38;198;53;1;59;-4;0;331
330575;2007;23;212;11;496;211;94;97;25;0;1169;-13;-104;-10;-120;-163;-77;-136;-25;0;-648;10;108;1;376;48;17;-39;0;0;521
330575;2006;4;51;0;313;239;166;37;27;0;837;-27;-54;0;-132;-161;-173;-28;-13;0;-588;-23;-3;0;181;78;-7;9;14;0;249
330575;2005;7;51;0;124;146;143;48;10;0;529;-2;-56;0;-72;-160;-133;-8;-9;0;-440;5;-5;0;52;-14;10;40;1;0;89
330575;2004;5;34;86;10;145;241;0;7;0;528;-3;-81;-47;-14;-78;-123;0;-20;0;-366;2;-47;39;-4;67;118;0;-13;0;162
330580;Total;88;17833;88;15940;50560;61323;230;7012;0;153074;-46;-17003;-106;-14943;-48005;-55110;-161;-6167;0;-141541;42;830;-18;997;2555;6213;69;845;0;11533
330580;2015;0;1448;2;1410;4776;5724;0;956;0;14316;0;-1616;-11;-1481;-5196;-5858;-1;-936;0;-15099;0;-168;-9;-71;-420;-134;-1;20;0;-783
330580;2014;0;1532;7;2589;5147;7081;31;1032;0;17419;0;-1646;-20;-2663;-5064;-6490;-4;-887;0;-16774;0;-114;-13;-74;83;591;27;145;0;645
330580;2013;0;1529;10;2320;5264;6104;43;827;0;16097;0;-1744;-6;-2010;-5048;-5539;0;-753;0;-15100;0;-215;4;310;216;565;43;74;0;997
330580;2012;0;1730;12;2335;5124;5915;0;824;0;15940;0;-1816;-11;-2158;-4823;-5526;-2;-739;0;-15075;0;-86;1;177;301;389;-2;85;0;865
330580;2011;1;1683;4;1811;4859;5764;7;629;0;14758;0;-1525;-11;-1786;-4547;-5311;-15;-542;0;-13737;1;158;-7;25;312;453;-8;87;0;1021
330580;2010;0;1828;11;866;4353;5103;15;603;0;12779;0;-1609;-6;-774;-4122;-4534;-104;-570;0;-11719;0;219;5;92;231;569;-89;33;0;1060
330580;2009;0;1608;0;1243;3990;4897;115;567;0;12420;0;-1384;-3;-945;-3868;-3941;-34;-497;0;-10672;0;224;-3;298;122;956;81;70;0;1748
330580;2008;0;1646;4;835;3867;4119;0;471;0;10942;0;-1601;-8;-713;-3421;-3811;0;-397;0;-9951;0;45;-4;122;446;308;0;74;0;991
330580;2007;83;1619;10;494;3536;5388;0;287;0;11417;-44;-1042;-5;-542;-3193;-4476;0;-198;0;-9500;39;577;5;-48;343;912;0;89;0;1917
330580;2006;3;1026;20;615;3130;4074;1;229;0;9098;0;-896;-9;-603;-2903;-3597;-1;-183;0;-8192;3;130;11;12;227;477;0;46;0;906
330580;2005;0;1151;6;581;3287;3821;18;314;0;9178;0;-1147;-5;-679;-3000;-3158;0;-259;0;-8248;0;4;1;-98;287;663;18;55;0;930
330580;2004;1;1033;2;841;3227;3333;0;273;0;8710;-2;-977;-11;-589;-2820;-2869;0;-206;0;-7474;-1;56;-9;252;407;464;0;67;0;1236
330590;Total;1;125;0;96;685;116;0;225;0;1248;-3;-123;-5;-129;-565;-102;0;-231;0;-1158;-2;2;-5;-33;120;14;0;-6;0;90
330590;2015;0;9;0;23;89;17;0;15;0;153;0;-9;0;-62;-84;-20;0;-10;0;-185;0;0;0;-39;5;-3;0;5;0;-32
330590;2014;0;13;0;39;107;24;0;15;0;198;0;-21;0;-44;-69;-17;0;-9;0;-160;0;-8;0;-5;38;7;0;6;0;38
330590;2013;0;14;0;23;95;11;0;7;0;150;0;-7;0;-4;-98;-13;0;-24;0;-146;0;7;0;19;-3;-2;0;-17;0;4
330590;2012;0;21;0;0;79;7;0;13;0;120;0;-14;0;0;-70;-13;0;-21;0;-118;0;7;0;0;9;-6;0;-8;0;2
330590;2011;0;23;0;2;58;14;0;18;0;115;-1;-22;0;-5;-40;-8;0;-19;0;-95;-1;1;0;-3;18;6;0;-1;0;20
330590;2010;0;13;0;1;42;5;0;21;0;82;0;-9;0;0;-35;-4;0;-14;0;-62;0;4;0;1;7;1;0;7;0;20
330590;2009;0;10;0;0;43;4;0;13;0;70;0;-6;0;0;-36;-3;0;-22;0;-67;0;4;0;0;7;1;0;-9;0;3
330590;2007;1;2;0;0;30;9;0;18;0;60;0;-2;-2;0;-22;-3;0;-28;0;-57;1;0;-2;0;8;6;0;-10;0;3
330590;2006;0;1;0;0;34;9;0;18;0;62;-1;-12;-1;-6;-28;-6;0;-12;0;-66;-1;-11;-1;-6;6;3;0;6;0;-4
330590;2005;0;8;0;5;32;8;0;35;0;88;0;-5;0;0;-27;-3;0;-30;0;-65;0;3;0;5;5;5;0;5;0;23
330590;2004;0;5;0;0;48;4;0;33;0;90;0;-8;-2;-8;-30;-7;0;-22;0;-77;0;-3;-2;-8;18;-3;0;11;0;13
330600;Total;840;33100;40;11547;29474;43006;109;1278;0;119394;-804;-30118;-42;-11987;-27259;-39755;-82;-1350;0;-111397;36;2982;-2;-440;2215;3251;27;-72;0;7997
330600;2015;26;2610;4;597;2689;3060;15;73;0;9074;-61;-3163;-3;-735;-2762;-3430;-5;-85;0;-10244;-35;-553;1;-138;-73;-370;10;-12;0;-1170
330600;2014;73;4465;7;1156;3101;3996;18;81;0;12897;-78;-3868;-3;-1371;-3181;-3335;-1;-78;0;-11915;-5;597;4;-215;-80;661;17;3;0;982
330600;2013;106;4309;6;1528;3157;3982;21;92;0;13201;-92;-3859;-5;-1445;-3029;-3411;-3;-97;0;-11941;14;450;1;83;128;571;18;-5;0;1260
330600;2012;93;3288;2;1429;2842;3865;21;112;0;11652;-88;-3504;-4;-1024;-2640;-3659;-8;-110;0;-11037;5;-216;-2;405;202;206;13;2;0;615
330600;2011;100;4053;8;1359;2769;3851;6;89;0;12235;-88;-3296;-4;-1251;-2723;-3625;-3;-103;0;-11093;12;757;4;108;46;226;3;-14;0;1142
330600;2010;106;3896;5;1419;2807;3293;0;86;0;11612;-76;-3073;-1;-1239;-2322;-2777;-13;-94;0;-9595;30;823;4;180;485;516;-13;-8;0;2017
330600;2009;70;2554;2;902;2150;3170;0;89;0;8937;-54;-2187;-2;-1267;-2164;-2471;0;-87;0;-8232;16;367;0;-365;-14;699;0;2;0;705
330600;2008;66;2408;2;938;2427;2615;0;110;0;8566;-45;-2173;-9;-1264;-2182;-2093;0;-115;0;-7881;21;235;-7;-326;245;522;0;-5;0;685
330600;2007;42;1664;1;313;2184;2839;2;111;0;7156;-39;-1165;-7;-740;-1813;-2422;-4;-126;0;-6316;3;499;-6;-427;371;417;-2;-15;0;840
330600;2006;48;1350;1;452;1878;2348;0;132;0;6209;-32;-1580;-2;-681;-1545;-2107;-22;-126;0;-6095;16;-230;-1;-229;333;241;-22;6;0;114
330600;2005;63;1403;1;985;1834;4299;25;163;0;8773;-53;-1093;-2;-599;-1507;-5421;-11;-144;0;-8830;10;310;-1;386;327;-1122;14;19;0;-57
330600;2004;47;1100;1;469;1636;5688;1;140;0;9082;-98;-1157;0;-371;-1391;-5004;-12;-185;0;-8218;-51;-57;1;98;245;684;-11;-45;0;864
330610;Total;88;10589;407;1369;12380;7978;0;1887;0;34698;-87;-9702;-391;-1296;-11510;-7625;0;-2059;0;-32670;1;887;16;73;870;353;0;-172;0;2028
330610;2015;2;940;9;145;859;685;0;101;0;2741;-6;-1143;-9;-190;-983;-676;0;-144;0;-3151;-4;-203;0;-45;-124;9;0;-43;0;-410
330610;2014;8;1353;12;328;1200;759;0;128;0;3788;-3;-1178;-7;-245;-1199;-689;0;-141;0;-3462;5;175;5;83;1;70;0;-13;0;326
330610;2013;2;1369;8;132;1102;714;0;107;0;3434;-5;-1211;-5;-132;-1079;-757;0;-101;0;-3290;-3;158;3;0;23;-43;0;6;0;144
330610;2012;3;1238;7;89;1003;729;0;84;0;3153;-11;-949;-5;-122;-1017;-675;0;-141;0;-2920;-8;289;2;-33;-14;54;0;-57;0;233
330610;2011;5;1166;7;70;1077;770;0;132;0;3227;-8;-1188;-1;-90;-1084;-702;0;-178;0;-3251;-3;-22;6;-20;-7;68;0;-46;0;-24
330610;2010;9;1110;0;85;1141;718;0;178;0;3241;-6;-769;-3;-69;-1031;-706;0;-193;0;-2777;3;341;-3;16;110;12;0;-15;0;464
330610;2009;9;597;0;61;1026;681;0;184;0;2558;-5;-508;0;-91;-896;-650;0;-206;0;-2356;4;89;0;-30;130;31;0;-22;0;202
330610;2008;5;621;4;86;1046;656;0;157;0;2575;-9;-550;-8;-53;-870;-613;0;-208;0;-2311;-4;71;-4;33;176;43;0;-51;0;264
330610;2007;26;454;121;117;970;582;0;155;0;2425;-14;-688;-157;-64;-892;-566;0;-149;0;-2530;12;-234;-36;53;78;16;0;6;0;-105
330610;2006;10;640;26;58;903;594;0;179;0;2410;-8;-512;-20;-77;-880;-534;0;-159;0;-2190;2;128;6;-19;23;60;0;20;0;220
330610;2005;2;597;94;95;1045;542;0;200;0;2575;-3;-554;-94;-67;-828;-483;0;-204;0;-2233;-1;43;0;28;217;59;0;-4;0;342
330610;2004;7;504;119;103;1008;548;0;282;0;2571;-9;-452;-82;-96;-751;-574;0;-235;0;-2199;-2;52;37;7;257;-26;0;47;0;372
330615;Total;1;285;0;22;803;157;0;184;0;1452;-1;-245;0;-19;-673;-136;0;-159;0;-1233;0;40;0;3;130;21;0;25;0;219
330615;2015;0;51;0;1;47;12;0;29;0;140;0;-51;0;-2;-86;-14;0;-18;0;-171;0;0;0;-1;-39;-2;0;11;0;-31
330615;2014;0;44;0;1;72;24;0;24;0;165;0;-45;0;-3;-78;-12;0;-21;0;-159;0;-1;0;-2;-6;12;0;3;0;6
330615;2013;0;41;0;3;102;26;0;19;0;191;0;-33;0;-2;-79;-67;0;-15;0;-196;0;8;0;1;23;-41;0;4;0;-5
330615;2012;1;21;0;3;96;7;0;17;0;145;-1;-12;0;-3;-66;-7;0;-13;0;-102;0;9;0;0;30;0;0;4;0;43
330615;2011;0;9;0;7;79;7;0;18;0;120;0;-6;0;-4;-64;-2;0;-13;0;-89;0;3;0;3;15;5;0;5;0;31
330615;2010;0;21;0;2;64;7;0;13;0;107;0;-8;0;-3;-60;-6;0;-17;0;-94;0;13;0;-1;4;1;0;-4;0;13
330615;2009;0;17;0;3;50;9;0;9;0;88;0;-12;0;0;-38;-5;0;-7;0;-62;0;5;0;3;12;4;0;2;0;26
330615;2008;0;14;0;2;83;4;0;11;0;114;0;-14;0;0;-49;-3;0;-13;0;-79;0;0;0;2;34;1;0;-2;0;35
330615;2007;0;13;0;0;84;8;0;16;0;121;0;-21;0;0;-50;-2;0;-13;0;-86;0;-8;0;0;34;6;0;3;0;35
330615;2005;0;24;0;0;58;25;0;7;0;114;0;-14;0;0;-46;-9;0;-7;0;-76;0;10;0;0;12;16;0;0;0;38
330615;2004;0;10;0;0;29;25;0;9;0;73;0;-7;0;-2;-21;-5;0;-10;0;-45;0;3;0;-2;8;20;0;-1;0;28
330620;Total;10;2528;7;762;6879;9055;0;886;0;20127;-16;-2387;-4;-730;-6205;-8229;0;-855;0;-18426;-6;141;3;32;674;826;0;31;0;1701
330620;2015;0;194;1;27;750;1010;0;59;0;2041;-2;-300;-1;-47;-694;-872;0;-63;0;-1979;-2;-106;0;-20;56;138;0;-4;0;62
330620;2014;0;276;3;46;792;1005;0;64;0;2186;0;-244;-1;-47;-757;-890;0;-61;0;-2000;0;32;2;-1;35;115;0;3;0;186
330620;2013;2;216;1;30;800;1069;0;84;0;2202;-2;-241;0;-82;-667;-1041;0;-73;0;-2106;0;-25;1;-52;133;28;0;11;0;96
330620;2012;4;364;0;124;640;948;0;75;0;2155;-6;-347;-1;-100;-560;-926;0;-71;0;-2011;-2;17;-1;24;80;22;0;4;0;144
330620;2011;1;462;0;193;586;1006;0;65;0;2313;-1;-389;-1;-162;-494;-921;0;-69;0;-2037;0;73;-1;31;92;85;0;-4;0;276
330620;2010;0;309;0;85;508;1008;0;69;0;1979;-1;-268;0;-54;-410;-931;0;-70;0;-1734;-1;41;0;31;98;77;0;-1;0;245
330620;2009;1;154;1;100;477;639;0;82;0;1454;0;-128;0;-82;-465;-546;0;-83;0;-1304;1;26;1;18;12;93;0;-1;0;150
330620;2008;0;141;0;51;436;571;0;76;0;1275;0;-134;0;-33;-412;-496;0;-74;0;-1149;0;7;0;18;24;75;0;2;0;126
330620;2007;0;155;0;46;485;492;0;65;0;1243;0;-95;0;-59;-472;-464;0;-71;0;-1161;0;60;0;-13;13;28;0;-6;0;82
330620;2006;0;81;0;36;493;482;0;95;0;1187;0;-87;0;-46;-432;-427;0;-70;0;-1062;0;-6;0;-10;61;55;0;25;0;125
330620;2005;2;100;1;13;508;480;0;97;0;1201;-2;-86;0;-4;-449;-314;0;-74;0;-929;0;14;1;9;59;166;0;23;0;272
330620;2004;0;76;0;11;404;345;0;55;0;891;-2;-68;0;-14;-393;-401;0;-76;0;-954;-2;8;0;-3;11;-56;0;-21;0;-63
330630;Total;115;46185;2292;48046;107638;118631;709;335;0;323951;-117;-40207;-1989;-49931;-103043;-112578;-794;-352;0;-309011;-2;5978;303;-1885;4595;6053;-85;-17;0;14940
330630;2015;14;4923;427;2602;8281;8503;163;29;0;24942;-14;-5336;-139;-3196;-8882;-11171;-22;-18;0;-28778;0;-413;288;-594;-601;-2668;141;11;0;-3836
330630;2014;14;5986;108;3487;11030;11719;8;29;0;32381;-13;-5643;-135;-5395;-11216;-10982;-13;-18;0;-33415;1;343;-27;-1908;-186;737;-5;11;0;-1034
330630;2013;12;6637;225;5051;11430;11061;9;26;0;34451;-11;-5375;-112;-7829;-11344;-10848;-14;-30;0;-35563;1;1262;113;-2778;86;213;-5;-4;0;-1112
330630;2012;16;4045;255;6501;11797;12246;6;19;0;34885;-9;-3816;-370;-6349;-11368;-11443;-28;-23;0;-33406;7;229;-115;152;429;803;-22;-4;0;1479
330630;2011;11;5247;252;6773;10480;11549;5;33;0;34350;-6;-4345;-40;-5128;-9845;-10438;-4;-35;0;-29841;5;902;212;1645;635;1111;1;-2;0;4509
330630;2010;7;4243;33;5133;10323;12035;81;30;0;31885;-8;-2966;-226;-4734;-9219;-11761;-196;-42;0;-29152;-1;1277;-193;399;1104;274;-115;-12;0;2733
330630;2009;4;3194;292;4580;9076;11611;17;70;0;28844;-6;-2952;-399;-3945;-8706;-10668;-98;-58;0;-26832;-2;242;-107;635;370;943;-81;12;0;2012
330630;2008;5;4336;298;3348;8482;9576;270;29;0;26344;-6;-3475;-197;-3425;-7749;-8518;-39;-24;0;-23433;-1;861;101;-77;733;1058;231;5;0;2911
330630;2007;2;2407;198;2750;6833;9070;32;17;0;21309;-4;-1896;-125;-2533;-6311;-7893;-26;-24;0;-18812;-2;511;73;217;522;1177;6;-7;0;2497
330630;2006;11;2275;69;2885;6438;8344;9;18;0;20049;-9;-1560;-85;-3116;-6336;-7789;-8;-23;0;-18926;2;715;-16;-231;102;555;1;-5;0;1123
330630;2005;12;1644;71;2589;6911;6916;95;18;0;18256;-19;-1362;-82;-2076;-6446;-5575;-265;-23;0;-15848;-7;282;-11;513;465;1341;-170;-5;0;2408
330630;2004;7;1248;64;2347;6557;6001;14;17;0;16255;-12;-1481;-79;-2205;-5621;-5492;-81;-34;0;-15005;-5;-233;-15;142;936;509;-67;-17;0;1250
Ignorado;Total;0;0;0;0;0;0;0;0;0;0;0;0;0;0;-2;0;0;0;0;-2;0;0;0;0;-2;0;0;0;0;-2
;2005;0;0;0;0;0;0;0;0;0;0;0;0;0;0;-2;0;0;0;0;-2;0;0;0;0;-2;0;0;0;0;-2